       350     1.000     1.000     1.000     1.000     1.000     1.000     1.000
       352     1.000     1.000     1.000     1.000     1.000     1.000     1.000
       354     1.000     1.000     1.000     1.000     1.000     1.000     1.000
       356     1.000     1.000     1.000     1.000     1.000     1.000     1.000
       358     1.000     1.000     1.000     1.000     1.000     1.000     1.000
       360     1.000     1.000     1.000     1.000     1.000     1.000     1.000
       362     1.000     1.000     1.000     1.000     1.000     1.000     1.000
       364     1.000     1.000     1.000     1.000     1.000     1.000     1.000
       366     1.000     1.000     1.000     1.000     1.000     1.000     1.000
       368     1.000     1.000     1.000     1.000     1.000     1.000     1.000
       370     1.000     1.000     1.000     1.000     1.000     1.000     1.000
       372     1.000     1.000     1.000     1.000     1.000     1.000     1.000
       374     1.000     1.000     1.000     1.000     1.000     1.000     1.000
       376     1.000     1.000     1.000     1.000     1.000     1.000     1.000
       378     1.000     1.000     1.000     1.000     1.000     1.000     1.000
       380     1.000     1.000     1.000     1.000     1.000     1.000     1.000
       382     1.000     1.000     1.000     1.000     1.000     1.000     1.000
       384     1.000     1.000     1.000     1.000     1.000     1.000     1.000
       386     1.000     1.000     1.000     1.000     1.000     1.000     1.000
       388     1.000     0.001     0.001     0.001     0.001     0.001     0.168
       390     1.000     0.001     1.000     1.000     0.001     1.000     0.667
       392     1.000     0.001     0.001     0.001     0.001     0.001     0.168
       394     1.000     0.001     0.001     0.001     0.001     0.001     0.168
       396     0.001     0.001     0.001     0.001     0.001     0.001     0.001
       398     0.001     0.001     0.001     0.001     0.001     0.001     0.001
       400     0.001     0.001     0.001     0.001     0.001     0.001     0.001
       402     0.001     0.002     0.001     0.001     0.002     0.001     0.001
       404     0.002     0.002     0.002     0.002     0.002     0.002     0.002
       406     0.002     0.002     0.002     0.002     0.002     0.002     0.002
       408     0.002     0.002     0.002     0.002     0.002     0.002     0.002
       410     0.002     0.002     0.002     0.002     0.002     0.002     0.002
       412     0.002     0.002     0.002     0.002     0.002     0.002     0.002
       414     0.002     0.003     0.002     0.002     0.003     0.003     0.002
       416     0.003     0.003     0.003     0.003     0.003     0.003     0.003
       418     0.003     0.003     0.003     0.003     0.003     0.003     0.003
       420     0.003     0.003     0.003     0.003     0.003     0.003     0.003
       422     0.003     0.004     0.004     0.004     0.004     0.004     0.004
       424     0.004     0.004     0.004     0.004     0.004     0.004     0.004
       426     0.004     0.004     0.004     0.004     0.004     0.004     0.004
       428     0.004     0.004     0.004     0.004     0.004     0.004     0.004
       430     0.005     0.005     0.005     0.005     0.005     0.005     0.005
       432     0.005     0.005     0.005     0.005     0.005     0.005     0.005
       434     0.005     0.005     0.005     0.005     0.005     0.005     0.005
       436     0.006     0.006     0.006     0.006     0.006     0.006     0.006
       438     0.006     0.006     0.006     0.006     0.006     0.006     0.006
       440     0.006     0.007     0.006     0.007     0.007     0.006     0.006
       442     0.007     0.007     0.007     0.007     0.007     0.007     0.007
       444     0.007     0.008     0.007     0.008     0.008     0.007     0.008
       446     0.008     0.008     0.008     0.008     0.008     0.008     0.008
       448     0.008     0.009     0.008     0.009     0.009     0.008     0.009
       450     0.009     0.009     0.009     0.009     0.009     0.009     0.009
       452     0.010     0.010     0.010     0.010     0.010     0.010     0.010
       454     0.010     0.010     0.010     0.010     0.010     0.010     0.010
       456     0.011     0.011     0.011     0.011     0.011     0.011     0.011
       458     0.011     0.012     0.011     0.011     0.011     0.011     0.011
       460     0.012     0.012     0.012     0.012     0.012     0.012     0.012
       462     0.013     0.013     0.013     0.013     0.013     0.013     0.013
       464     0.014     0.014     0.014     0.014     0.014     0.014     0.014
       466     0.015     0.015     0.015     0.015     0.015     0.015     0.015
       468     0.016     0.016     0.016     0.016     0.016     0.016     0.016
       470     0.017     0.017     0.017     0.017     0.017     0.017     0.017
       472     0.018     0.018     0.018     0.018     0.018     0.018     0.018
       474     0.019     0.019     0.019     0.019     0.019     0.019     0.019
       476     0.020     0.021     0.020     0.021     0.021     0.020     0.021
       478     0.022     0.022     0.022     0.022     0.022     0.022     0.022
       480     0.023     0.023     0.023     0.023     0.023     0.023     0.023
       482     0.025     0.025     0.025     0.025     0.025     0.025     0.025
       484     0.026     0.026     0.026     0.026     0.026     0.026     0.026
       486     0.027     0.027     0.027     0.027     0.027     0.027     0.027
       488     0.028     0.029     0.029     0.029     0.029     0.028     0.029
       490     0.030     0.030     0.030     0.030     0.030     0.030     0.030
       492     0.031     0.031     0.031     0.031     0.031     0.031     0.031
       494     0.032     0.033     0.033     0.032     0.033     0.032     0.033
       496     0.034     0.034     0.034     0.034     0.034     0.034     0.034
       498     0.035     0.035     0.035     0.035     0.035     0.035     0.035
       500     0.036     0.037     0.037     0.036     0.037     0.036     0.037
       502     0.038     0.038     0.038     0.038     0.038     0.038     0.038
       504     0.039     0.039     0.039     0.039     0.040     0.039     0.039
       506     0.041     0.041     0.041     0.041     0.041     0.040     0.041
       508     0.042     0.042     0.042     0.042     0.042     0.042     0.042
       510     0.044     0.044     0.044     0.044     0.044     0.043     0.044
       512     0.045     0.045     0.046     0.045     0.046     0.045     0.046
       514     0.047     0.047     0.047     0.047     0.047     0.047     0.047
       516     0.049     0.049     0.049     0.049     0.049     0.048     0.049
       518     0.050     0.050     0.050     0.050     0.050     0.050     0.050
       520     0.052     0.052     0.052     0.052     0.052     0.051     0.052
       522     0.053     0.053     0.053     0.053     0.053     0.053     0.053
       524     0.055     0.054     0.054     0.054     0.055     0.054     0.054
       526     0.056     0.056     0.056     0.056     0.056     0.056     0.056
       528     0.057     0.057     0.057     0.057     0.057     0.057     0.057
       530     0.058     0.058     0.058     0.058     0.058     0.058     0.058
       532     0.060     0.060     0.060     0.060     0.060     0.060     0.060
       534     0.061     0.061     0.061     0.061     0.061     0.061     0.061
       536     0.062     0.063     0.062     0.062     0.062     0.062     0.062
       538     0.063     0.064     0.063     0.063     0.063     0.063     0.063
       540     0.064     0.065     0.064     0.064     0.064     0.064     0.064
       542     0.065     0.066     0.065     0.065     0.065     0.065     0.065
       544     0.066     0.067     0.066     0.066     0.066     0.066     0.066
       546     0.067     0.068     0.067     0.067     0.067     0.067     0.067
       548     0.068     0.069     0.068     0.068     0.068     0.068     0.068
       550     0.069     0.070     0.069     0.069     0.069     0.069     0.069
       552     0.070     0.070     0.070     0.070     0.070     0.070     0.070
       554     0.070     0.071     0.071     0.070     0.070     0.070     0.070
       556     0.071     0.072     0.071     0.071     0.071     0.071     0.071
       558     0.072     0.073     0.072     0.072     0.072     0.072     0.072
       560     0.073     0.074     0.073     0.073     0.073     0.073     0.073
       562     0.074     0.074     0.074     0.073     0.074     0.074     0.074
       564     0.074     0.075     0.075     0.074     0.075     0.074     0.075
       566     0.075     0.076     0.075     0.075     0.075     0.075     0.075
       568     0.076     0.077     0.076     0.076     0.076     0.076     0.076
       570     0.077     0.077     0.077     0.076     0.077     0.077     0.077
       572     0.077     0.078     0.078     0.077     0.078     0.077     0.078
       574     0.078     0.078     0.078     0.077     0.078     0.078     0.078
       576     0.078     0.078     0.078     0.078     0.079     0.078     0.078
       578     0.079     0.079     0.079     0.079     0.079     0.079     0.079
       580     0.080     0.080     0.080     0.079     0.080     0.080     0.080
       582     0.080     0.080     0.080     0.080     0.080     0.080     0.080
       584     0.080     0.081     0.080     0.080     0.081     0.080     0.080
       586     0.081     0.081     0.081     0.080     0.081     0.081     0.081
       588     0.081     0.081     0.081     0.081     0.081     0.081     0.081
       590     0.081     0.081     0.081     0.081     0.081     0.081     0.081
       592     0.081     0.081     0.081     0.081     0.081     0.081     0.081
       594     0.081     0.081     0.081     0.081     0.081     0.081     0.081
       596     0.081     0.081     0.081     0.081     0.081     0.081     0.081
       598     0.081     0.081     0.081     0.081     0.081     0.081     0.081
       600     0.081     0.081     0.081     0.080     0.081     0.080     0.081
       602     0.080     0.080     0.080     0.080     0.080     0.080     0.080
       604     0.080     0.080     0.080     0.080     0.080     0.080     0.080
       606     0.079     0.079     0.079     0.079     0.079     0.079     0.079
       608     0.078     0.079     0.078     0.078     0.079     0.078     0.078
       610     0.078     0.078     0.078     0.077     0.078     0.077     0.077
       612     0.076     0.076     0.076     0.076     0.076     0.076     0.076
       614     0.075     0.075     0.075     0.075     0.075     0.075     0.075
       616     0.073     0.073     0.073     0.073     0.074     0.073     0.073
       618     0.072     0.072     0.072     0.071     0.072     0.072     0.072
       620     0.070     0.070     0.070     0.069     0.070     0.070     0.070
       622     0.067     0.067     0.067     0.067     0.067     0.067     0.067
       624     0.065     0.065     0.065     0.064     0.065     0.065     0.065
       626     0.062     0.062     0.062     0.062     0.062     0.062     0.062
       628     0.059     0.059     0.059     0.059     0.059     0.059     0.059
       630     0.057     0.056     0.056     0.056     0.057     0.056     0.056
       632     0.054     0.053     0.053     0.053     0.054     0.053     0.053
       634     0.050     0.050     0.050     0.050     0.050     0.050     0.050
       636     0.047     0.047     0.047     0.047     0.047     0.047     0.047
       638     0.044     0.044     0.044     0.044     0.044     0.044     0.044
       640     0.040     0.040     0.040     0.040     0.040     0.040     0.040
       642     0.037     0.037     0.037     0.037     0.037     0.037     0.037
       644     0.033     0.033     0.033     0.033     0.033     0.033     0.033
       646     0.030     0.030     0.030     0.030     0.030     0.030     0.030
       648     0.027     0.027     0.027     0.027     0.027     0.027     0.027
       650     0.024     0.024     0.023     0.024     0.024     0.024     0.024
       652     0.021     0.021     0.021     0.021     0.021     0.021     0.021
       654     0.018     0.018     0.018     0.018     0.018     0.018     0.018
       656     0.016     0.016     0.016     0.016     0.016     0.016     0.016
       658     0.014     0.014     0.013     0.014     0.014     0.014     0.014
       660     0.012     0.012     0.012     0.012     0.012     0.012     0.012
       662     0.010     0.010     0.010     0.010     0.010     0.010     0.010
       664     0.009     0.009     0.009     0.009     0.009     0.009     0.009
       666     0.008     0.008     0.008     0.008     0.008     0.008     0.008
       668     0.007     0.007     0.007     0.007     0.007     0.007     0.007
       670     0.006     0.006     0.006     0.006     0.006     0.006     0.006
       672     0.005     0.005     0.005     0.005     0.005     0.005     0.005
       674     0.005     0.005     0.005     0.005     0.005     0.005     0.005
       676     0.004     0.004     0.004     0.004     0.004     0.004     0.004
       678     0.004     0.004     0.004     0.004     0.004     0.004     0.004
       680     0.003     0.003     0.003     0.003     0.003     0.003     0.003
       682     0.003     0.003     0.003     0.003     0.003     0.003     0.003
       684     0.003     0.003     0.003     0.003     0.003     0.003     0.003
       686     0.002     0.002     0.002     0.002     0.003     0.002     0.002
       688     0.002     0.002     0.002     0.002     0.002     0.002     0.002
       690     0.002     0.002     0.002     0.002     0.002     0.002     0.002
       692     0.002     0.002     0.002     0.002     0.002     0.002     0.002
       694     0.002     0.002     0.002     0.002     0.002     0.002     0.002
       696     0.002     0.002     0.002     0.002     0.002     0.002     0.002
       698     0.001     0.002     0.001     0.001     0.002     0.001     0.001
       700     0.001     0.001     0.001     0.001     0.001     0.001     0.001
       702     0.001     0.001     0.001     0.001     0.001     0.001     0.001
       704     0.001     0.001     0.001     0.001     0.001     0.001     0.001
       706     0.001     0.001     0.001     0.001     0.001     0.001     0.001
       708     0.001     0.001     0.001     0.001     0.001     0.001     0.001
       710     1.000     0.001     1.000     1.000     1.000     1.000     0.834
       712     1.000     1.000     1.000     1.000     1.000     1.000     1.000
       714     1.000     1.000     1.000     1.000     1.000     1.000     1.000
       716     1.000     1.000     1.000     1.000     1.000     1.000     1.000
       718     1.000     1.000     1.000     1.000     1.000     1.000     1.000
       720     1.000     1.000     1.000     1.000     1.000     1.000     1.000
       722     1.000     1.000     1.000     1.000     1.000     1.000     1.000
       724     1.000     1.000     1.000     1.000     1.000     1.000     1.000
       726     1.000     1.000     1.000     1.000     1.000     1.000     1.000
       728     1.000     1.000     1.000     1.000     1.000     1.000     1.000
       730     1.000     1.000     1.000     1.000     1.000     1.000     1.000
       732     1.000     1.000     1.000     1.000     1.000     1.000     1.000
       734     1.000     1.000     1.000     1.000     1.000     1.000     1.000
       736     1.000     1.000     1.000     1.000     1.000     1.000     1.000
       738     1.000     1.000     1.000     1.000     1.000     1.000     1.000
       740     1.000     1.000     1.000     1.000     1.000     1.000     1.000
       742     1.000     1.000     1.000     1.000     1.000     1.000     1.000
       744     1.000     1.000     1.000     1.000     1.000     1.000     1.000
       746     1.000     1.000     1.000     1.000     1.000     1.000     1.000
       748     1.000     1.000     1.000     1.000     1.000     1.000     1.000
       750     1.000     1.000     1.000     1.000     1.000     1.000     1.000
       752     1.000     1.000     1.000     1.000     1.000     1.000     1.000
       754     1.000     1.000     1.000     1.000     1.000     1.000     1.000
       756     1.000     1.000     1.000     1.000     1.000     1.000     1.000
       758     1.000     1.000     1.000     1.000     1.000     1.000     1.000
       760     1.000     1.000     1.000     1.000     1.000     1.000     1.000
       762     1.000     1.000     1.000     1.000     1.000     1.000     1.000
       764     1.000     1.000     1.000     1.000     1.000     1.000     1.000
       766     1.000     1.000     1.000     1.000     1.000     1.000     1.000
       768     1.000     1.000     1.000     1.000     1.000     1.000     1.000
       770     1.000     1.000     1.000     1.000     1.000     1.000     1.000
       772     1.000     1.000     1.000     1.000     1.000     1.000     1.000
       774     1.000     1.000     1.000     1.000     1.000     1.000     1.000
       776     1.000     1.000     1.000     1.000     1.000     1.000     1.000
       778     1.000     1.000     1.000     1.000     1.000     1.000     1.000
       780     1.000     1.000     1.000     1.000     1.000     1.000     1.000
       782     1.000     1.000     1.000     1.000     1.000     1.000     1.000
       784     1.000     1.000     1.000     1.000     1.000     1.000     1.000
       786     1.000     1.000     1.000     1.000     1.000     1.000     1.000
       788     1.000     1.000     1.000     1.000     1.000     1.000     1.000
       790     1.000     1.000     1.000     1.000     1.000     1.000     1.000
       792     1.000     1.000     1.000     1.000     1.000     1.000     1.000
       794     1.000     1.000     1.000     1.000     1.000     1.000     1.000
       796     1.000     1.000     1.000     1.000     1.000     1.000     1.000
       798     1.000     1.000     1.000     1.000     1.000     1.000     1.000
       800     1.000     1.000     1.000     1.000     1.000     1.000     1.000
