Vernier Format 2
Untitled.cmbl 5/18/16 21:09 .
Latest
Wavelength	Intensity
λ	I
nm	rel

250.164311576	0.001
250.380905308	0.00115114538966
250.597489166	0.00115403801141
250.814063147	0.00106407157173
251.030627248	0.001
251.247181466	0.00110262018401
251.463725798	0.00101820285543
251.680260241	0.00111950364972
251.896784793	0.00105427207764
252.11329945	0.00108803900907
252.32980421	0.00125073422414
252.546299069	0.00123001360713
252.762784025	0.00131212864492
252.979259075	0.00131212864492
253.195724216	0.00152393939662
253.412179446	0.00135740703025
253.62862476	0.00132883501135
253.845060157	0.00132883501135
254.061485633	0.00139099686239
254.277901185	0.00130811439434
254.494306812	0.0012935332194
254.710702508	0.0012935332194
254.927088273	0.001
255.143464103	0.00103662118167
255.359829994	0.00102912397836
255.576185945	0.00124612964258
255.792531952	0.00117859577972
256.008868012	0.00116324717453
256.225194123	0.00113408482466
256.441510281	0.00117322376791
256.657816484	0.00128603601609
256.874112729	0.00112334080102
257.090399012	0.00115250315089
257.306675331	0.00119394438492
257.522941684	0.00119394438492
257.739198066	0.001
257.955444476	0.001
258.17168091	0.001
258.387907366	0.00104718810601
258.60412384	0.001
258.820330329	0.001
259.036526832	0.00113007057407
259.252713344	0.00119530214615
259.468889863	0.00119530214615
259.685056387	0.00118455812251
259.901212911	0.00136643909408
260.117359434	0.00120911589082
260.333495952	0.00115155862134
260.549622463	0.00109878303271
260.765738963	0.00103644408237
260.981845449	0.00105256011783
261.19794192	0.001
261.414028371	0.001
261.630104801	0.001
261.846171205	0.001
262.062227582	0.001013066976
262.278273928	0.001
262.49431024	0.00100232295236
262.710336516	0.001
262.926352752	0.00101708122659
263.142358946	0.00101708122659
263.358355095	0.00110303341568
263.574341196	0.00104701100672
263.790317246	0.00107463849607
264.006283242	0.00107463849607
264.222239181	0.00106849905399
264.43818506	0.001
264.654120877	0.001
264.870046628	0.001
265.085962311	0.001
265.301867922	0.00100556977269
265.51776346	0.001
265.73364892	0.001
265.9495243	0.001
266.165389598	0.001
266.381244809	0.00106212347953
266.597089932	0.001
266.812924964	0.001
267.0287499	0.00112522986012
267.24456474	0.00112522986012
267.460369479	0.00100397587908
267.676164115	0.00103160336843
267.891948645	0.001
268.107723066	0.001
268.323487375	0.001
268.53924157	0.001
268.754985647	0.001
268.970719603	0.001
269.186443436	0.001
269.402157142	0.001
269.617860719	0.001
269.833554164	0.001
270.049237474	0.001
270.264910646	0.001
270.480573677	0.001
270.696226565	0.001
270.911869305	0.001
271.127501897	0.001
271.343124336	0.001
271.558736619	0.001
271.774338744	0.001
271.989930708	0.001
272.205512509	0.001
272.421084142	0.001
272.636645605	0.001
272.852196896	0.001
273.067738011	0.001
273.283268947	0.001
273.498789702	0.001
273.714300273	0.001
273.929800657	0.001
274.14529085	0.001
274.360770851	0.001
274.576240655	0.001
274.791700261	0.001
275.007149665	0.001
275.222588865	0.00104583034478
275.438017857	0.001
275.653436638	0.001
275.868845207	0.001
276.084243559	0.001
276.299631692	0.001
276.515009603	0.001
276.730377289	0.00108898353862
276.945734747	0.00113886650551
277.161081975	0.00105061202563
277.376418969	0.00105273721712
277.591745727	0.00108420185777
277.807062245	0.00110108532349
278.022368521	0.00106808582232
278.237664552	0.00106808582232
278.452950335	0.00106808582232
278.668225867	0.001
278.883491144	0.001
279.098746166	0.001
279.313990927	0.001
279.529225426	0.001
279.74444966	0.001
279.959663625	0.001
280.174867319	0.001
280.390060739	0.001
280.605243881	0.001
280.820416744	0.001
281.035579324	0.001
281.250731618	0.001
281.465873624	0.001
281.681005338	0.001
281.896126758	0.001
282.11123788	0.001
282.326338702	0.001
282.541429221	0.001
282.756509434	0.001
282.971579338	0.001
283.18663893	0.001
283.401688208	0.001
283.616727168	0.001
283.831755807	0.001
284.046774123	0.001
284.261782113	0.001
284.476779773	0.001
284.691767101	0.001
284.906744095	0.001
285.12171075	0.001
285.336667065	0.001
285.551613036	0.001
285.76654866	0.001
285.981473935	0.001
286.196388857	0.001
286.411293424	0.001
286.626187633	0.001
286.841071481	0.001
287.055944965	0.001
287.270808082	0.001
287.485660829	0.001
287.700503204	0.001
287.915335203	0.001
288.130156823	0.001
288.344968063	0.001
288.559768918	0.001
288.774559385	0.001
288.989339463	0.001
289.204109148	0.001
289.418868437	0.001
289.633617327	0.001
289.848355815	0.001
290.063083899	0.001
290.277801575	0.001
290.492508841	0.001
290.707205694	0.001
290.921892131	0.001
291.136568149	0.001
291.351233744	0.001
291.565888915	0.001
291.780533658	0.001
291.995167971	0.001
292.20979185	0.001
292.424405292	0.001
292.639008296	0.001
292.853600857	0.001
293.068182973	0.001
293.28275464	0.001
293.497315857	0.001
293.71186662	0.001
293.926406927	0.001
294.140936774	0.001
294.355456158	0.001
294.569965077	0.001
294.784463527	0.001
294.998951507	0.001
295.213429012	0.001
295.42789604	0.001
295.642352589	0.001
295.856798654	0.001
296.071234234	0.001
296.285659325	0.001
296.500073925	0.001
296.714478031	0.001
296.928871639	0.001
297.143254747	0.001
297.357627352	0.001
297.57198945	0.001
297.78634104	0.001
298.000682119	0.001
298.215012682	0.001
298.429332728	0.001
298.643642254	0.001
298.857941256	0.001
299.072229732	0.001
299.286507678	0.00111773265681
299.500775093	0.001
299.715031973	0.001
299.929278315	0.001
300.143514116	0.001
300.357739373	0.001
300.571954084	0.001
300.786158245	0.00120333064733
301.000351855	0.00119795863551
301.214534908	0.00118201969934
301.428707404	0.00116436880337
301.642869339	0.00130404111065
301.85702071	0.00142759738247
302.071161513	0.00148267526189
302.285291748	0.00151473023351
302.499411409	0.00159454298052
302.713520495	0.00168970433273
302.927619003	0.00177565652183
303.141706929	0.00163828650533
303.355784271	0.00172347126416
303.569851026	0.00171733182209
303.783907191	0.00157458979377
303.997952763	0.00153928800182
304.211987739	0.00178179596391
304.426012116	0.00187849217664
304.640025892	0.00189767793313
304.854029063	0.00187790184567
305.068021627	0.00187465502534
305.282003581	0.00161833331858
305.495974921	0.00151549766377
305.709935646	0.0016235282311
305.923885751	0.00164100202779
306.137825234	0.00166786208688
306.351754093	0.00154277095454
306.565672324	0.0015721104037
306.779579924	0.00158763610818
306.993476891	0.00149170732571
307.207363222	0.00135050015791
307.421238913	0.00119547924544
307.635103962	0.00126147824778
307.848958366	0.00121313014141
308.062802122	0.00108036470647
308.276635227	0.00108036470647
308.490457678	0.00110858252679
308.704269473	0.001
308.918070608	0.001
309.13186108	0.001
309.345640888	0.001
309.559410027	0.001
309.773168494	0.001
309.986916288	0.001
310.200653405	0.001
310.414379842	0.00106501610128
310.628095596	0.001
310.841800665	0.001
311.055495045	0.001
311.269178733	0.001
311.482851727	0.001
311.696514024	0.001
311.910165621	0.001
312.123806515	0.001
312.337436703	0.001
312.551056182	0.00114884309888
312.764664949	0.00119258662369
312.978263002	0.00119795863551
313.191850337	0.00114423851732
313.405426951	0.00114423851732
313.618992843	0.00120716779863
313.832548008	0.00108957386959
314.046092444	0.00108420185777
314.259626148	0.00103372855992
314.473149117	0.00114884309888
314.686661348	0.00115574997122
314.900162839	0.001
315.113653586	0.00110816929512
315.327133586	0.00131230574422
315.540602838	0.00134300295461
315.754061336	0.00121407467096
315.96750908	0.00112198303979
316.180946065	0.0013775373163
316.39437229	0.00157630175358
316.60778775	0.00157647885287
316.821192444	0.00159395264955
317.034586368	0.00139749050305
317.24796952	0.00140669966617
317.461341896	0.0013775373163
317.674703493	0.0013775373163
317.88805431	0.00153102336825
318.101394342	0.00150416330916
318.314723587	0.00159412974884
318.528042042	0.00162405952897
318.741349704	0.00181727485515
318.954646571	0.00170216031618
319.167932639	0.00167376539657
319.381207905	0.00165381220982
319.594472367	0.00160853382449
319.807726021	0.00140439737539
320.020968865	0.00134300295461
320.234200896	0.00134300295461
320.447422111	0.00134300295461
320.660632507	0.00116879628564
320.873832081	0.001
321.087020831	0.001
321.300198752	0.0010360308507
321.513365844	0.001
321.726522101	0.001
321.939667523	0.001
322.152802105	0.001
322.365925845	0.001
322.57903874	0.001
322.792140787	0.001
323.005231983	0.001
323.218312326	0.001
323.431381812	0.001
323.644440438	0.001
323.857488202	0.001
324.070525101	0.001
324.283551131	0.001
324.49656629	0.001
324.709570575	0.001
324.922563984	0.001
325.135546512	0.001
325.348518158	0.001
325.561478918	0.001
325.77442879	0.001
325.98736777	0.001
326.200295856	0.001
326.413213045	0.001
326.626119334	0.001
326.83901472	0.001
327.0518992	0.001
327.264772771	0.001
327.47763543	0.001
327.690487175	0.001
327.903328002	0.001
328.116157909	0.001
328.328976893	0.001
328.54178495	0.001
328.754582078	0.001
328.967368275	0.001
329.180143536	0.001
329.39290786	0.001
329.605661243	0.001
329.818403683	0.001
330.031135176	0.001
330.243855719	0.001
330.456565311	0.001
330.669263947	0.001
330.881951625	0.001
331.094628343	0.001
331.307294096	0.001
331.519948883	0.001
331.7325927	0.001
331.945225544	0.001
332.157847413	0.001
332.370458304	0.001
332.583058214	0.001
332.795647139	0.001
333.008225077	0.001
333.220792026	0.001
333.433347981	0.001
333.645892941	0.001
333.858426902	0.001
334.070949862	0.00109187616037
334.283461817	0.00111950364972
334.495962765	0.00114099169699
334.708452703	0.00115002376082
334.920931628	0.00115923292394
335.133399536	0.00115173572063
335.345856426	0.00114406141803
335.558302294	0.00114406141803
335.770737137	0.00132364009882
335.983160952	0.00150398620987
336.195573737	0.00134052356454
336.407975489	0.00134052356454
336.620366205	0.00137889507753
336.832745881	0.00127358003265
337.045114515	0.00121891538491
337.257472104	0.00121891538491
337.469818645	0.00121891538491
337.682154135	0.00113219576556
337.894478572	0.00100863949373
338.106791952	0.001
338.319094273	0.00112989347478
338.531385531	0.00109535911309
338.743665724	0.00115061409179
338.955934849	0.00103626698308
339.168192903	0.00102723491926
339.380439883	0.001
339.592675786	0.001
339.804900609	0.001
340.017114349	0.001
340.229317004	0.001
340.441508571	0.001
340.653689046	0.001
340.865858427	0.001
341.07801671	0.001
341.290163894	0.001
341.502299975	0.001
341.714424949	0.001
341.926538815	0.001
342.13864157	0.001
342.35073321	0.001
342.562813732	0.00111968074901
342.774883134	0.00111968074901
342.986941413	0.001
343.198988566	0.001
343.41102459	0.001
343.623049482	0.001
343.835063239	0.001
344.047065858	0.001
344.259057337	0.001
344.471037672	0.0010912858294
344.68300686	0.00105905375849
344.8949649	0.00105905375849
345.106911787	0.00118951690265
345.318847519	0.00114193622655
345.530772093	0.00114193622655
345.742685506	0.00114211332584
345.954587755	0.00116820595467
346.166478838	0.0012839108246
346.378358751	0.00133456122175
346.590227492	0.00134684010591
346.802085057	0.00134684010591
347.013931444	0.00115344768044
347.225766649	0.00101607766394
347.437590671	0.00101607766394
347.649403505	0.00117971740857
347.86120515	0.00122806551493
348.072995602	0.00124801870169
348.284774858	0.00123095813668
348.496542916	0.00123095813668
348.708299772	0.0012440044511
348.920045424	0.001
349.131779868	0.001
349.343503102	0.001
349.555215124	0.001
349.766915929	0.001
349.978605515	0.001
350.19028388	0.001
350.40195102	0.001
350.613606932	0.001
350.825251614	0.001
351.036885063	0.001
351.248507275	0.001
351.460118248	0.001
351.67171798	0.001
351.883306466	0.0010665509618
352.094883704	0.001
352.306449692	0.001
352.518004426	0.001
352.729547903	0.001
352.941080121	0.00116844208706
353.152601077	0.00115114538966
353.364110767	0.00115285734947
353.575609189	0.00120120545584
353.787096341	0.00119583344402
353.998572218	0.00104848683414
354.210036819	0.00118969400194
354.421490139	0.00117263343694
354.632932178	0.00104695197362
354.84436293	0.00104695197362
355.055782394	0.00111141611545
355.267190567	0.00121425177025
355.478587446	0.00115439220999
355.689973028	0.00110126242278
355.901347309	0.00112410823128
356.112710288	0.00118550265206
356.324061961	0.00108496928803
356.535402325	0.00104258352445
356.746731378	0.001
356.958049116	0.001
357.169355536	0.001
357.380650637	0.001
357.591934414	0.001
357.803206865	0.001
358.014467987	0.001
358.225717777	0.001
358.436956233	0.001
358.648183351	0.001
358.859399128	0.001
359.070603561	0.001
359.281796649	0.001
359.492978387	0.001
359.704148773	0.001
359.915307804	0.001
360.126455476	0.001
360.337591788	0.001
360.548716737	0.001
360.759830318	0.001
360.97093253	0.001
361.18202337	0.001
361.393102834	0.001
361.60417092	0.001
361.815227625	0.001
362.026272946	0.001
362.237306879	0.001
362.448329423	0.001
362.659340575	0.001
362.87034033	0.001
363.081328687	0.0010093478909
363.292305643	0.00101454280342
363.503271194	0.00103160336843
363.714225338	0.0012572278648
363.925168072	0.0014805500704
364.136099393	0.00145215515079
364.347019298	0.00144967576072
364.557927784	0.00153869767085
364.768824848	0.00141897855032
364.979710488	0.0012764136213
365.190584701	0.00122960037545
365.401447482	0.00122960037545
365.612298831	0.0012495535622
365.823138743	0.00124264668987
366.033967217	0.00142204827136
366.244784248	0.00149111699474
366.455589834	0.0015548137063
366.666383973	0.00158108343443
366.877166661	0.00161006868501
367.087937895	0.00164631500651
367.298697673	0.00142069051013
367.509445991	0.00136159838013
367.720182847	0.00160965545333
367.930908238	0.00159259488832
368.141622161	0.00156343253845
368.352324612	0.00132092457636
368.56301559	0.00135929608935
368.773695091	0.00135929608935
368.984363113	0.00141071391676
369.195019652	0.00141071391676
369.405664705	0.00140746709643
369.61629827	0.00140746709643
369.826920344	0.00153102336825
370.037530923	0.00154253482215
370.248130006	0.00145658263305
370.458717589	0.0013583515598
370.669293668	0.00128928283642
370.879858242	0.00122558612486
371.090411307	0.00125226908466
371.300952861	0.00129081769694
371.5114829	0.0014212808411
371.722001422	0.0014212808411
371.932508424	0.00139825793331
372.143003903	0.00114500594758
372.353487855	0.00131230574422
372.563960279	0.00111584359771
372.77442117	0.00105598403745
372.984870527	0.001
373.195308346	0.001
373.405734625	0.001
373.616149361	0.001
373.82655255	0.001
374.036944189	0.001
374.247324277	0.001
374.45769281	0.001
374.668049784	0.001
374.878395198	0.001
375.088729048	0.001
375.299051332	0.001
375.509362046	0.001
375.719661188	0.001
375.929948754	0.001
376.140224742	0.001
376.350489149	0.001
376.560741972	0.001
376.770983208	0.001
376.981212854	0.001
377.191430908	0.001
377.401637366	0.001
377.611832225	0.001
377.822015484	0.001
378.032187137	0.001
378.242347184	0.001
378.452495621	0.001
378.662632444	0.001
378.872757652	0.001
379.082871241	0.001
379.292973208	0.001
379.503063551	0.001
379.713142266	0.001
379.923209351	0.001
380.133264802	0.001
380.343308618	0.001
380.553340794	0.001
380.763361328	0.001
380.973370218	0.001
381.183367459	0.001
381.393353051	0.001
381.603326988	0.001
381.813289269	0.001
382.023239891	0.001
382.23317885	0.0010455942124
382.443106145	0.00113443902324
382.653021771	0.00101548733297
382.862925726	0.00102794331642
383.072818008	0.0011791270776
383.282698613	0.00117222020526
383.492567538	0.00117682478682
383.70242478	0.00117682478682
383.912270337	0.0011121835457
384.122104206	0.0011121835457
384.331926384	0.00122269350311
384.541736867	0.00121023751967
384.751535654	0.00121023751967
384.96132274	0.00137310983403
385.171098124	0.00135852865909
385.380861802	0.00142682995221
385.590613772	0.00147960554085
385.800354029	0.00150493073942
386.010082573	0.00143586201604
386.219799399	0.0015548137063
386.429504505	0.00164613790722
386.639197888	0.00152258163539
386.848879545	0.00143355972526
387.058549473	0.00149265185526
387.268207669	0.00174419188118
387.47785413	0.00158379895689
387.687488854	0.00150705593091
387.897111838	0.00156077604909
388.106723078	0.00158976129967
388.316322571	0.00168740204195
388.525910316	0.0017418895904
388.735486308	0.00163137963299
388.945050546	0.00163137963299
389.154603025	0.00173575014832
389.364143744	0.00156691549117
389.573672699	0.00156691549117
389.783189888	0.00139884826428
389.992695307	0.00137045334467
390.202188953	0.001259175957
390.411670825	0.0012630131083
390.621140918	0.00120161868752
390.83059923	0.0011847352218
391.040045759	0.00125380394518
391.2494805	0.00137736021701
391.458903452	0.00135203501843
391.668314611	0.00108803900907
391.877713974	0.001
392.087101539	0.001
392.296477303	0.00106979778213
392.505841262	0.00117357796649
392.715193414	0.00112676472064
392.924533757	0.0010722771722
393.133862286	0.00112829958116
393.343178999	0.00113733164499
393.552483894	0.00103296112966
393.761776967	0.00103296112966
393.971058215	0.00109742527148
394.180327637	0.00109742527148
394.389585227	0.00106537029986
394.598830985	0.00116206651259
394.808064906	0.00118815914142
395.017286989	0.00128332049363
395.226497229	0.00122039121233
395.435695625	0.00123113523597
395.644882173	0.00127487876078
395.85405687	0.00134164519338
396.063219714	0.00140073732338
396.272370701	0.00146750375598
396.48150983	0.00159702237059
396.690637096	0.00151413990254
396.899752496	0.00144890833046
397.108856029	0.00139672307279
397.317947691	0.00151030275124
397.527027479	0.00150646559994
397.736095391	0.00160487377248
397.945151422	0.00175375524288
398.154195572	0.00175375524288
398.363227836	0.0018028707795
398.572248211	0.00182111200645
398.781256696	0.00190842195677
398.990253286	0.00186621329248
399.19923798	0.00173728500884
399.408210773	0.00152547425714
399.617171664	0.0016045195739
399.826120649	0.00149631190727
400.035057726	0.00141266200896
400.243982891	0.00137505792623
400.452896142	0.00134359328558
400.661797475	0.00133898870402
400.870686888	0.00130982635415
401.079564378	0.00130215205155
401.288429943	0.00129217545817
401.497283578	0.00132670981986
401.706125282	0.00133898870402
401.914955051	0.00138426708934
402.123772882	0.00127682685298
402.332578773	0.00143798720753
402.541372721	0.00149324218623
402.750154722	0.00137966250778
402.958924775	0.00136142128084
403.167682875	0.00126242277733
403.37642902	0.00124553931162
403.585163208	0.00124725127143
403.793885434	0.00129252965675
404.002595697	0.00139536531156
404.211293994	0.00154885136352
404.419980321	0.00159950176066
404.628654676	0.00153657247936
404.837317055	0.00171768602067
405.045967457	0.0018849858173
405.254605877	0.00191645045795
405.463232314	0.00190340414353
405.671846764	0.0020814479638
405.880449224	0.00222342256186
406.089039691	0.00226179407485
406.297618163	0.00219673960206
406.506184636	0.00230417983843
406.714739109	0.00209620623803
406.923281577	0.00206108154537
407.131812037	0.00206875584797
407.340330488	0.00215701032784
407.548836926	0.00241026231357
407.757331348	0.00237265823084
407.965813752	0.00238688520719
408.174284134	0.00235217374621
408.382742491	0.00221710602049
408.591188821	0.00222478032309
408.799623121	0.00226161697556
409.008045388	0.00246191627336
409.216455618	0.00226604445783
409.42485381	0.00214709276756
409.633239959	0.00201355990236
409.841614064	0.00204118739171
410.049976121	0.00191839855015
410.258326128	0.001867748153
410.466664081	0.00178793540599
410.674989978	0.0019136168693
410.883303816	0.0019573603941
411.091605591	0.00188138479839
411.299895301	0.00187371049579
411.508172944	0.00201798738463
411.716438515	0.00192973290475
411.924692013	0.00190670999696
412.132933434	0.00197194156904
412.341162776	0.00202814107729
412.549380035	0.00220022255478
412.757585208	0.00236445263037
412.965778294	0.00237289436322
413.173959288	0.00248340432063
413.382128189	0.002375196654
413.590284992	0.00245211677927
413.798429696	0.00246055851213
414.006562297	0.00272915910305
414.214682792	0.0028465759328
414.422791179	0.00273376368461
414.630887454	0.0027798095002
414.838971615	0.00291410979566
415.047043659	0.00284350621176
415.255103582	0.00287420342215
415.463151383	0.00285731995643
415.671187057	0.00311192970339
415.879210603	0.00320862591612
416.087222017	0.00327615977898
416.295221297	0.00323011396339
416.503208439	0.00342964583094
416.711183441	0.00341583208626
416.919146299	0.00340048348106
417.127097011	0.00323932312651
417.335035574	0.00324622999885
417.542961985	0.00303902382871
417.750876241	0.00311730171521
417.95877834	0.00310425540079
418.166668277	0.00303825639845
418.374546052	0.00297302482637
418.582411659	0.0028732588926
418.790265097	0.00302521008403
418.998106363	0.00306818617858
419.205935454	0.00291700241741
419.413752367	0.00282951536779
419.621557098	0.00290779325429
419.829349646	0.00307048846936
420.037130007	0.00291086297533
420.244898179	0.0026804567981
420.452654158	0.00265513159953
420.660397941	0.00268506137966
420.868129526	0.00262289952862
421.07584891	0.00273571177681
421.283556089	0.00260601606291
421.491251062	0.00262059723784
421.698933824	0.00260908578394
421.906604374	0.0025622725381
422.114262708	0.00242566995186
422.321908823	0.00262213209836
422.529542717	0.00279326904629
422.737164387	0.00281936167512
422.944773829	0.00275625529453
423.15237104	0.00306706454974
423.359956019	0.002852184077
423.567528762	0.00286216067038
423.775089265	0.00296346146467
423.982637527	0.00311464522585
424.190173544	0.00333413028014
424.397697314	0.00334564173404
424.605208833	0.00357374562048
424.812708098	0.00369883675283
425.020195107	0.00373260368426
425.227669857	0.00364665149516
425.435132345	0.00360137310983
425.642582568	0.00374488256841
425.850020523	0.00403420377635
426.057446207	0.00409406333661
426.264859617	0.00417924809544
426.472260751	0.00432966442636
426.679649606	0.00430740894883
426.887026177	0.00434040845
427.094390464	0.00422913106233
427.301742463	0.00431986493227
427.50908217	0.00394382410498
427.716409583	0.00407428724915
427.9237247	0.00424619162734
428.131027516	0.00444802578566
428.33831803	0.004357469015
428.545596239	0.00412877479759
428.752862138	0.00403975288746
428.960115727	0.00406738037681
429.167357001	0.0040389854572
429.374585958	0.00398296304823
429.581802595	0.00424158704578
429.789006909	0.00437051532942
429.996198897	0.00431833007175
430.203378557	0.00415103027512
430.410545884	0.00405433406239
430.617700878	0.00427842369825
430.824843533	0.00440044510955
431.031973849	0.0044280725989
431.239091821	0.00438893365565
431.446197446	0.00469590575956
431.653290723	0.00479183454204
431.860371648	0.00495836690841
432.067440218	0.00507348144737
432.274496431	0.00499827328192
432.481540282	0.00512489927478
432.68857177	0.00497525037412
432.895590892	0.00500057557269
433.102597644	0.00512873642608
433.309592024	0.00521545604543
433.516574029	0.00535589578297
433.723543656	0.00521622347569
433.930500902	0.00522773492959
434.137445764	0.0052599670005
434.34437824	0.00547638233376
434.551298326	0.00532059399102
434.758206019	0.0054487548444
434.965101317	0.00531061739764
435.171984216	0.00517554967192
435.378854715	0.00501822646867
435.585712809	0.00509650435517
435.792558496	0.00491769310464
435.999391773	0.00498445953724
436.206212638	0.00542189478531
436.413021087	0.0054050113196
436.619817117	0.00550477725337
436.826600726	0.00526226929128
437.03337191	0.0053190591305
437.240130667	0.00555619508077
437.446876994	0.0057196577261
437.653610887	0.00549863781129
437.860332345	0.00531445454894
438.067041364	0.0056644027474
438.273737941	0.00555466022025
438.480422073	0.00550784697441
438.687093758	0.00530217566479
438.893752992	0.0055231955796
439.100399773	0.00554314876636
439.307034098	0.00565135643298
439.513655963	0.00567130961974
439.720265367	0.00580791220598
439.926862305	0.00566363531714
440.133446776	0.00560607804766
440.340018775	0.00577568013507
440.546578301	0.00547638233376
440.753125351	0.00551014926519
440.959659921	0.00549556809025
441.166182009	0.00556003223207
441.372691611	0.00564444956065
441.579188726	0.00551168412571
441.785673349	0.00562986838571
441.992145478	0.00584091170715
442.198605111	0.00594758451326
442.405052243	0.00589539925559
442.611486873	0.00582249338091
442.817908998	0.00575188979701
443.024318614	0.00606730363378
443.230715719	0.006221557116
443.437100309	0.00612025632171
443.643472383	0.00608648939028
443.849831936	0.00622846398834
444.056178966	0.00620390622002
444.262513471	0.00637274087717
444.468835447	0.00645408848471
444.675144891	0.0064026706573
444.881441801	0.00625916119873
445.087726173	0.00616860442807
445.293998005	0.00622309197652
445.500257294	0.00619085990561
445.706504037	0.00632746249185
445.91273823	0.00640574037834
446.118959872	0.00617397643989
446.325168959	0.00636506657458
446.531365488	0.00647941368328
446.737549457	0.00638732205211
446.943720862	0.00646406507809
447.149879701	0.00655999386056
447.35602597	0.00641264725068
447.562159668	0.00629139326964
447.76828079	0.00635662484172
447.974389334	0.00655308698822
448.180485297	0.00654234296458
448.386568677	0.00651087832393
448.59263947	0.00648708798588
448.798697673	0.00663596945628
449.004743284	0.00668431756264
449.210776299	0.00672959594797
449.416796716	0.00674878170446
449.622804532	0.00676796746096
449.828799744	0.00683319903304
450.034782349	0.0066068071064
450.240752344	0.00657534246575
450.446709726	0.0066965964468
450.652654493	0.00652699435939
450.858586641	0.00670350331914
451.064506167	0.00680326925291
451.27041307	0.00682782702122
451.476307345	0.00688308199992
451.682188989	0.00690917462876
451.888058001	0.00689843060512
452.093914377	0.00680633897395
452.299758114	0.00674494455316
452.505589209	0.00653313380147
452.71140766	0.00672345650589
452.917213463	0.00686926825525
453.123006616	0.00662445800238
453.328787115	0.0065592264303
453.534554958	0.00637197344691
453.740310142	0.00646790222938
453.946052664	0.00650166916082
454.151782521	0.00637427573769
454.35749971	0.00658915621043
454.563204228	0.00670657304017
454.768896073	0.00670734047043
454.974575241	0.00671578220329
455.18024173	0.00647173938068
455.385895537	0.00629523042094
455.591536658	0.00611027972833
455.797165092	0.00622616169756
456.002780834	0.00605655961015
456.208383882	0.00617013928859
456.413974234	0.00651241318445
456.619551885	0.00657994704731
456.825116835	0.00668585242316
457.030669078	0.00686619853421
457.236208614	0.00682859445148
457.441735438	0.00708414872798
457.647249548	0.00706342811097
457.85275094	0.00740953915813
458.058239613	0.00767353516749
458.263715563	0.00782241663789
458.469178787	0.00819538774414
458.674629282	0.00825217758336
458.880067046	0.00807720348413
459.085492076	0.00801120448179
459.290904368	0.00800122788842
459.496303919	0.00813859790492
459.701690728	0.00835501323817
459.90706479	0.00877479759027
460.112426104	0.00885384290703
460.317774666	0.0091347223821
460.523110472	0.00906718851924
460.728433522	0.00910786232301
460.93374381	0.00905030505353
461.139041336	0.0092759295499
461.344326094	0.00914546640574
461.549598084	0.00914546640574
461.754857301	0.00915851272016
461.960103744	0.00938720693757
462.165337408	0.00938490464679
462.370558292	0.00913932696366
462.575766392	0.00888070296612
462.780961705	0.00868117109858
462.986144229	0.00860289321208
463.19131396	0.00869114769195
463.396470896	0.00875791412455
463.601615034	0.00883081999923
463.80674637	0.00907793254288
464.011864903	0.00916234987146
464.216970628	0.00906718851924
464.422063544	0.00903342158781
464.627143647	0.00923065116458
464.832210935	0.00916848931353
465.037265404	0.00901807298262
465.242307051	0.00906258393768
465.447335874	0.00891753961859
465.65235187	0.00910939718353
465.857355036	0.00913548981236
466.062345369	0.00913242009132
466.267322866	0.00907716511262
466.472287524	0.00908023483366
466.677239341	0.00924139518821
466.882178313	0.00966271440083
467.087104437	0.00979317754499
467.292017711	0.0099512681785
467.496918132	0.0101546371973
467.701805697	0.0103480296228
467.906680402	0.010366447949
468.111542245	0.0103748896819
468.316391224	0.0103572387859
468.521227335	0.0102958443651
468.726050575	0.0104477955566
468.930860941	0.0105268408733
469.135658431	0.0106672806109
469.340443042	0.0108698821995
469.545214771	0.0109604389701
469.749973614	0.0111791565941
469.954719569	0.0110717163578
470.159452633	0.01122596984
470.364172804	0.0112743179464
470.568880077	0.0112651087832
470.773574451	0.0113034802962
470.978255923	0.0113878976248
471.182924488	0.0112697133648
471.387580146	0.0113840604735
471.592222892	0.0113894324853
471.796852725	0.0115974060857
472.00146964	0.0118053796861
472.206073635	0.012014888147
472.410664707	0.0121814205134
472.615242854	0.0125720425156
472.819808072	0.012759295499
473.024360358	0.0127332028702
473.22889971	0.0127232262768
473.433426125	0.0128966655155
473.637939599	0.0131199877211
473.842440131	0.0133809140094
474.046927716	0.0135911899006
474.251402352	0.0137323970684
474.455864037	0.0139357660873
474.660312767	0.0140731361038
474.864748539	0.0142872491462
475.069171351	0.0147899159664
475.273581199	0.0150953532098
475.477978081	0.0153447680442
475.682361994	0.0154153716281
475.886732934	0.0155343233184
476.0910909	0.0155819039945
476.295435888	0.0156739956256
476.499767895	0.0157660872568
476.704086918	0.0159725259967
476.908392955	0.0159602471125
477.112686002	0.0161444303749
477.316966057	0.0163953800698
477.521233116	0.0165112620391
477.725487178	0.0168412570508
477.929728238	0.0169579064503
478.133956294	0.0167852346418
478.338171343	0.0170630443958
478.542373383	0.0174536663981
478.74656241	0.0173554353248
478.950738421	0.0176624074287
479.154901414	0.0178957062277
479.359051386	0.0178258700741
479.563188333	0.0178957062277
479.767312253	0.0180161927785
479.971423143	0.0182479567169
480.175521	0.0185334407736
480.379605821	0.0186539273244
480.583677603	0.0186938336979
480.787736344	0.0190130846859
480.99178204	0.0191174552013
481.195814689	0.0192064771114
481.399834288	0.0196116802886
481.603840833	0.0198442116573
481.807834322	0.0199923256974
482.011814752	0.020094393922
482.21578212	0.0201327654349
482.419736423	0.0206346648248
482.623677658	0.0207367330494
482.827605823	0.020782778865
483.031520915	0.0210536817467
483.235422929	0.0211971912052
483.439311865	0.0212823759641
483.643187718	0.0214051648056
483.847050486	0.0215786040444
484.050900167	0.0219914815241
484.254736756	0.0221764322167
484.458560251	0.0223076627911
484.66237065	0.0225770308123
484.866167949	0.0229883734316
485.069952146	0.0232776946395
485.273723237	0.0232262768121
485.47748122	0.0235194351713
485.681226091	0.0236828978167
485.884957849	0.0237918729135
486.088676489	0.0238356164384
486.29238201	0.0238248724147
486.496074408	0.024200913242
486.69975368	0.0241564022869
486.903419823	0.0240865661333
487.107072836	0.0242577030812
487.310712713	0.0243873987951
487.514339454	0.0248033459959
487.717953054	0.0251295038563
487.921553511	0.025355895783
488.125140822	0.0255193584283
488.328714984	0.0254264993669
488.532275995	0.025633705537
488.735823851	0.0258600974636
488.939358549	0.025831702544
489.142880087	0.0258884923833
489.346388461	0.0257480526457
489.549883669	0.0258685391965
489.753365708	0.0260043743525
489.956834575	0.026047350447
490.160290267	0.0260918614021
490.363732781	0.0261670695676
490.567162114	0.026460995357
490.770578264	0.0263359042247
490.973981227	0.0265400406738
491.177371001	0.0267518514255
491.380747582	0.0268577568014
491.584110968	0.0269406392694
491.787461156	0.0266835501324
491.990798143	0.026711945052
492.194121926	0.0269038026169
492.397432502	0.0269605924562
492.600729869	0.0270772418556
492.804014022	0.026965964468
493.007284961	0.0269544530141
493.21054268	0.0270918230306
493.413787179	0.0268853842907
493.617018453	0.0270450097847
493.8202365	0.0271156133686
494.023441317	0.0271133110779
494.226632902	0.0270964276121
494.42981125	0.0273159126664
494.63297636	0.0276873489122
494.836128228	0.0279858792832
495.039266851	0.0282145735006
495.242392227	0.0281608533824
495.445504353	0.0283450366448
495.648603226	0.0281731322666
495.851688842	0.0282368289782
496.0547612	0.0283511760869
496.257820295	0.0285284524769
496.460866126	0.0285338244887
496.663898689	0.0284724300679
496.866917982	0.0284747323587
497.069924001	0.0289950500748
497.272916744	0.0292183722804
497.475896207	0.0292690226776
497.678862388	0.029476996278
497.881815284	0.0294654848241
498.084754893	0.0297356202755
498.28768121	0.0298023867081
498.490594233	0.0297739917885
498.69349396	0.0296941790415
498.896380387	0.0297079927862
499.099253512	0.0295844365143
499.302113332	0.0295053911976
499.504959843	0.0298023867081
499.707793043	0.0299934768428
499.910612929	0.0302950769349
500.113419498	0.0304976785235
500.316212747	0.0305943747362
500.518992673	0.0303718199609
500.721759274	0.0303081232493
500.924512546	0.030540654618
501.127252487	0.0312420858754
501.329979093	0.0311507616745
501.532692362	0.0311576685469
501.735392291	0.0313740838801
501.938078877	0.0316066152488
502.140752117	0.0317601013008
502.343412008	0.0318291700242
502.546058548	0.0319634703196
502.748691733	0.0321392118491
502.95131156	0.0322988373432
503.153918027	0.032286558459
503.35651113	0.0324185564637
503.559090867	0.0324346724991
503.761657236	0.0326081117378
503.964210232	0.0324914623384
504.166749853	0.0326464832508
504.369276097	0.0328437128276
504.571788959	0.0329695713902
504.774288438	0.0331176854303
504.976774531	0.0333509842293
505.179247234	0.0334177506619
505.381706545	0.0331031042554
505.584152461	0.0329918268677
505.786584978	0.0329688039599
505.989004095	0.0330624304516
506.191409808	0.0332182187944
506.393802114	0.0333732397068
506.59618101	0.0335182840259
506.798546493	0.0335136794444
507.000898562	0.0336970952765
507.203237211	0.0339434403899
507.40556244	0.0342012969571
507.607874244	0.0340815778366
507.810172621	0.0345113387821
508.012457569	0.0342841794252
508.214729083	0.0343877825103
508.416987162	0.0345366639807
508.619231802	0.0346018955527
508.821463	0.0348374966425
509.023680754	0.034895053912
509.22588506	0.0350331913587
509.428075917	0.0350991903611
509.63025332	0.0350915160585
509.832417267	0.0353831395572
510.034567755	0.0357361574767
510.236704781	0.0358082959211
510.438828343	0.0358988526918
510.640938436	0.0359211081693
510.84303506	0.036094547408
511.04511821	0.0364974482944
511.247187883	0.0366225394267
511.449244077	0.0365043551667
511.651286789	0.0366348183109
511.853316016	0.0371106250719
512.055331756	0.0371259736771
512.257334004	0.0375595717739
512.459322759	0.0380223322206
512.661298017	0.0381397490503
512.863259775	0.0383223974521
513.065208031	0.0384091170715
513.267142782	0.0385541613906
513.469064024	0.0387306703503
513.670971755	0.0390307355819
513.872865973	0.0391005717355
514.074746673	0.039373776908
514.276613854	0.039353056291
514.478467512	0.0396354706266
514.680307644	0.0397528874564
514.882134248	0.0401550209125
515.08394732	0.0401634626453
515.285746858	0.0401488814704
515.487532859	0.0401956947162
515.68930532	0.040570200683
515.891064238	0.0409063351368
516.09280961	0.040980775872
516.294541433	0.0410820766663
516.496259704	0.0412900502667
516.697964421	0.0412639576378
516.89965558	0.0415033958789
517.101333179	0.0418034611105
517.302997215	0.0421864088101
517.504647684	0.0426721921645
517.706284585	0.0429285138713
517.907907913	0.0432093933464
518.109517667	0.0434557384598
518.311113843	0.0435033191359
518.512696438	0.0438409884502
518.714265449	0.0439499635471
518.915820875	0.0442139595564
519.11736271	0.0443344461072
519.318890954	0.0446398833506
519.520405602	0.0447941368328
519.721906652	0.0452154560454
519.923394102	0.0454349410997
520.124867947	0.0454456851234
520.326328186	0.0454426154023
520.527774815	0.0457035416906
520.729207831	0.0457549595181
520.930627233	0.0458930969648
521.132033015	0.0459713748513
521.333425177	0.0461125820191
521.534803714	0.0461847204635
521.736168624	0.0460665362035
521.937519905	0.046047350447
522.138857552	0.0459890257473
522.340181564	0.0462530217566
522.541491938	0.0464494839032
522.742788669	0.0465814819078
522.944071756	0.046673573539
523.145341196	0.0468147807068
523.346596986	0.0466751083995
523.547839123	0.046715014773
523.749067603	0.0470004988297
523.950282425	0.0472376347799
524.151483585	0.0472629599785
524.35267108	0.0476980929358
524.553844908	0.0478431372549
524.755005065	0.0483181765857
524.956151548	0.0483718967039
525.157284356	0.0484563140325
525.358403484	0.0484701277771
525.55950893	0.0485959863397
525.760600691	0.0486243812594
525.961678764	0.0488860749779
526.162743147	0.0489666551552
526.363793835	0.0491830704885
526.564830828	0.049149303557
526.76585412	0.0491707916043
526.96686371	0.0492383254672
527.167859595	0.0493803000652
527.368841772	0.0493657188903
527.569810238	0.0496105291432
527.77076499	0.0499198035379
527.971706025	0.0498031541384
528.17263334	0.0498645485591
528.373546932	0.0498046889989
528.574446799	0.0494777637082
528.775332937	0.0496880395994
528.976205345	0.0494309504624
529.177064017	0.0499942442731
529.377908953	0.0502375196654
529.578740149	0.0504585395802
529.779557601	0.0502820306205
529.980361308	0.050245193968
530.181151266	0.0503035186677
530.381927473	0.0504907716511
530.582689924	0.0504454932658
530.783438619	0.0506104907717
530.984173553	0.0507463259276
531.184894724	0.0509489275162
531.385602129	0.0511392502206
531.586295764	0.0513349449369
531.786975628	0.0515221979203
531.987641717	0.0513426192395
532.188294028	0.0515260350716
532.388932559	0.0515429185373
532.589557306	0.0518637043859
532.790168266	0.052091631173
532.990765438	0.0521591650359
533.191348817	0.0521775833621
533.391918401	0.0519396799816
533.592474187	0.0518199608611
533.793016172	0.0517900310809
533.993544353	0.0518851924331
534.194058728	0.0522873258893
534.394559293	0.0525037412225
534.595046045	0.0525075783738
534.795518982	0.0528490848394
534.995978101	0.0528460151184
535.196423398	0.0529887571467
535.396854872	0.0529657342389
535.597272518	0.0530417098346
535.797676335	0.053131499175
535.998066319	0.0530094777637
536.198442467	0.0530463144162
536.398804776	0.0530532212885
536.599153244	0.0530294309505
536.799487868	0.0529519204942
536.999808644	0.0528345036645
537.200115571	0.0528582940025
537.400408644	0.0528813169103
537.600687861	0.0529204558536
537.800953219	0.0529618970876
538.001204716	0.0531959633168
538.201442348	0.0533977974752
538.401666112	0.0532335673996
538.601876006	0.0531974981774
538.802072026	0.0532435439929
539.002254171	0.053072407045
539.202422436	0.0532189862246
539.402576819	0.0531629638157
539.602717317	0.0530355703925
539.802843927	0.0530371052531
540.002956646	0.052954222785
540.203055472	0.0531192202909
540.403140402	0.053090057941
540.603211432	0.0533317984728
540.803268559	0.053406239208
541.003311781	0.0536648632056
541.203341096	0.0538659299336
541.403356499	0.0538574882008
541.603357988	0.0537638617091
541.80334556	0.053760791988
542.003319213	0.0538429070258
542.203278943	0.0536955604159
542.403224747	0.0539518821227
542.603156624	0.0539234872031
542.803074568	0.053875906527
543.002978579	0.0539119757492
543.202868652	0.0540071371014
543.402744786	0.0540976938721
543.602606976	0.0541414373969
543.802455221	0.054109205326
544.002289517	0.0540125091132
544.202109862	0.0539695330187
544.401916251	0.0538689996547
544.601708684	0.0539610912858
544.801487156	0.0538843482599
545.001251665	0.0538812785388
545.201002208	0.0537300947776
545.400738782	0.0537393039408
545.600461384	0.0538904877019
545.800170012	0.0540316948697
545.999864661	0.0538321630022
546.19954533	0.0539242546334
546.399212016	0.0541061356049
546.598864715	0.0539856490541
546.798503425	0.054056252638
546.998128143	0.0541798089099
547.197738865	0.0556494378573
547.39733559	0.0557269483136
547.596918314	0.0554990215264
547.796487034	0.0554736963278
547.996041747	0.0558297839684
548.195582451	0.055799086758
548.395109142	0.0558505045854
548.594621818	0.0560960822685
548.794120476	0.0561275469092
548.993605113	0.0560584781858
549.193075725	0.0559126664364
549.392532311	0.0559817351598
549.591974867	0.0561467326657
549.79140339	0.0560999194198
549.990817877	0.0560968496988
550.190218326	0.0564299144315
550.389604734	0.0563846360462
550.588977097	0.0562610797744
550.788335413	0.0560477341622
550.987679678	0.0561904761905
551.187009891	0.0562986838571
551.386326048	0.0547162426614
551.585628146	0.0547477073021
551.784916182	0.0548574498292
551.984190153	0.0548275200491
552.183450058	0.0544791067112
552.382695891	0.0545274548175
552.581927652	0.0545804075055
552.781145336	0.0547062660681
552.980348941	0.0548321246307
553.179538464	0.0550078661602
553.378713902	0.0551214458386
553.577875252	0.0549825409616
553.777022512	0.0547216146733
553.976155678	0.0547262192548
554.175274747	0.0550209124746
554.374379718	0.0550746325928
554.573470585	0.0552143049
554.772547348	0.0551851425502
554.971610003	0.0554614174437
555.170658546	0.0553194428456
555.369692976	0.0552588158551
555.568713289	0.0554468362688
555.767719482	0.0554314876636
555.966711553	0.0553931161506
556.165689498	0.0558190399447
556.364653315	0.0560853382449
556.563603	0.0561129657342
556.762538551	0.0564091938145
556.961459966	0.056230382564
557.16036724	0.0560431295806
557.359260371	0.0560162695215
557.558139357	0.0561237097579
557.757004194	0.056174360155
557.95585488	0.0563408925214
558.154691411	0.0563823337554
558.353513784	0.0563378228004
558.552321998	0.0562372894363
558.751116048	0.0561943133418
558.949895932	0.0563393576609
559.148661647	0.0563784966041
559.347413191	0.0565127968996
559.54615056	0.0565058900272
559.744873751	0.0566447949043
559.943582761	0.0567721883274
560.142277588	0.0568312804574
560.340958229	0.0565941445071
560.53962468	0.0566048885308
560.73827694	0.0567929089444
560.936915004	0.0566148651241
561.135538871	0.0566885384291
561.334148536	0.0570300448947
561.532743998	0.0569517670082
561.731325253	0.0569318138214
561.929892299	0.0571152296535
562.128445132	0.0571950424005
562.326983751	0.0574007137101
562.52550815	0.057367714209
562.724018329	0.0572963431948
562.922514284	0.0573347147078
563.120996012	0.0575104562373
563.31946351	0.0574291086298
563.517916775	0.0574222017574
563.716355805	0.0573347147078
563.914780596	0.0574843636085
564.113191146	0.0574720847243
564.311587451	0.0574528989678
564.509969509	0.0574030160009
564.708337318	0.057583362112
564.906690873	0.0575856644027
565.105030172	0.0576225010552
565.303355213	0.0576739188826
565.501665992	0.0576739188826
565.699962506	0.0578895667856
565.898244753	0.0578634741568
566.09651273	0.0579010782395
566.294766433	0.0577644756533
566.49300586	0.0575703157976
566.691231008	0.0575918038448
566.889441874	0.0576363147999
567.087638455	0.0576723840221
567.285820749	0.0575664786463
567.483988751	0.0575135259583
567.682142461	0.0574628755612
567.880281873	0.0576125244618
568.078406987	0.0575334791451
568.276517798	0.0575150608188
568.474614304	0.05772533671
568.672696502	0.0579770538352
568.870764389	0.0579210314263
569.068817962	0.057802079736
569.266857218	0.0577591036415
569.464882155	0.0577928705729
569.66289277	0.0578565672844
569.860889058	0.0578043820268
570.058871019	0.0580085184759
570.256838648	0.0580169602087
570.454791943	0.0581796554238
570.652730901	0.0583385134876
570.85065552	0.0582817236484
571.048565795	0.058567207705
571.246461725	0.0585027435632
571.444343306	0.0584628371897
571.642210535	0.0586516250336
571.84006341	0.0587045777215
572.037901928	0.0585994397759
572.235726086	0.0584896972488
572.43353588	0.0585794865892
572.631331309	0.0587506235371
572.829112368	0.0587122520241
573.026879056	0.0587199263267
573.224631369	0.0591051763171
573.422369305	0.0594159855723
573.62009286	0.0593783814896
573.817802031	0.0591611987261
574.015496817	0.0593031733241
574.213177213	0.0594351713288
574.410843217	0.0594512873643
574.608494826	0.0594014043974
574.806132037	0.059491961168
575.003754848	0.0597935612601
575.201363254	0.0596239591727
575.398957255	0.0597697709221
575.596536845	0.0598311653428
575.794102024	0.0598027704232
575.991652787	0.0597498177353
576.189189131	0.0598772111584
576.386711055	0.0600260926288
576.584218555	0.0602624611488
576.781711628	0.060135835156
576.979190271	0.0600713710142
577.176654482	0.0602824143356
577.374104257	0.0600360692222
577.571539594	0.0598726065769
577.768960489	0.059846513948
577.96636694	0.0602141130425
578.163758944	0.0602033690188
578.361136498	0.0600314646407
578.558499598	0.0600775104562
578.755848243	0.0603100418249
578.95318243	0.0602095084609
579.150502154	0.0601273934231
579.347807415	0.0600069068723
579.545098207	0.060115114539
579.74237453	0.0603207858486
579.939636379	0.060313111546
580.136883752	0.060369133955
580.334116646	0.060646943709
580.531335058	0.0607559188059
580.728538985	0.0604834810637
580.925728425	0.0604205517824
581.122903374	0.0604596907256
581.320063829	0.0605502474963
581.517209788	0.0606454088485
581.714341248	0.0607037335482
581.911458205	0.0610383331415
582.108560658	0.0608441732858
582.305648602	0.0608587544607
582.502722035	0.0608541498791
582.699780955	0.0610298914086
582.896825358	0.0610391005717
583.093855241	0.0611319596332
583.290870602	0.0610137753732
583.487871438	0.0614650243659
583.684857745	0.0613207474771
583.881829521	0.0612831433943
584.078786763	0.0614450711792
584.275729468	0.0617773684816
584.472657633	0.0616192778481
584.669571256	0.0615356279498
584.866470332	0.0617198112122
585.06335486	0.0620336901884
585.260224837	0.0621158052262
585.457080259	0.0618779018457
585.653921124	0.0618088331223
585.850747429	0.0617627873067
586.047559171	0.0616722305361
586.244356347	0.0617758336211
586.441138954	0.0618947853114
586.637906989	0.061982272361
586.834660449	0.0617175089214
587.031399332	0.061627719581
587.228123635	0.0615049307394
587.424833354	0.0618617858102
587.621528487	0.0618241817275
587.818209031	0.0620659222593
588.014874982	0.0619630866045
588.211526339	0.0618955527416
588.408163098	0.0618333908906
588.604785256	0.0618479720655
588.801392811	0.0618326234603
588.997985759	0.0617673918883
589.194564098	0.0618587160892
589.391127824	0.0619193430797
589.587676935	0.0619300871033
589.784211428	0.0620060626991
589.9807313	0.061902459614
590.177236548	0.0619016921837
590.373727169	0.0618096005525
590.570203161	0.0616737653966
590.76666452	0.0617750661909
590.963111243	0.0619423659875
591.159543328	0.0618449023445
591.355960772	0.0620098998504
591.552363571	0.0617888799355
591.748751724	0.0615778366141
591.945125226	0.0614205134108
592.141484076	0.0615763017536
592.337828269	0.0615172096236
592.534157804	0.0613890487702
592.730472678	0.0612424695906
592.926772887	0.0612931199877
593.123058428	0.0613951882123
593.319329299	0.0611465408081
593.515585498	0.0609746364299
593.71182702	0.0609508460919
593.908053863	0.0606530831511
594.104266024	0.060824220099
594.3004635	0.0606415716972
594.496646289	0.0607674302598
594.692814387	0.0605840144277
594.888967791	0.0604888530755
595.0851065	0.0603591573616
595.281230509	0.0604374352481
595.477339816	0.0604612255861
595.673434417	0.0602939257895
595.869514311	0.0603100418249
596.065579494	0.0603629945129
596.261629963	0.0601657649361
596.457665716	0.0601473466099
596.653686749	0.0600890219101
596.84969306	0.0603530179195
597.045684645	0.0603591573616
597.241661502	0.060239438241
597.437623628	0.0601043705153
597.633571019	0.0602141130425
597.829503674	0.0602317639385
598.025421589	0.0604888530755
598.221324762	0.0607252215955
598.417213188	0.0607467096428
598.613086867	0.0606377345459
598.808945793	0.0606200836499
599.004789966	0.0606653620352
599.200619381	0.0608334292621
599.396434036	0.0609147768697
599.592233928	0.0607635931085
599.788019054	0.0608050343425
599.983789411	0.0607221518744
600.179544997	0.0610053336403
600.375285808	0.0608219178082
600.571011841	0.0608303595411
600.766723095	0.0610483097349
600.962419564	0.0608081040635
601.158101248	0.0607482445033
601.353768142	0.0606315951038
601.549420245	0.0605218525766
601.745057552	0.0605993630329
601.940680062	0.0605617589502
602.136287771	0.0605003645294
602.331880677	0.0600744407352
602.527458776	0.0599808142435
602.723022065	0.059943977591
602.918570543	0.0600713710142
603.114104205	0.0600092091631
603.309623049	0.0597743755036
603.505127072	0.0596845861632
603.700616271	0.0596577261041
603.896090644	0.0599240244043
604.091550187	0.0600683012931
604.286994897	0.059864164844
604.482424772	0.0600936264917
604.677839808	0.0600406738038
604.873240003	0.059725259967
605.068625354	0.0598488162388
605.263995858	0.0597475154445
605.459351512	0.0598342350639
605.654692313	0.0600092091631
605.850018259	0.0597774452247
606.045329345	0.0598089098653
606.240625571	0.0600099765934
606.435906931	0.0600989985035
606.631173425	0.0601634626453
606.826425048	0.0601189516903
607.021661798	0.0600667664326
607.216883672	0.0600483481064
607.412090667	0.0600606269905
607.60728278	0.0598971643452
607.802460009	0.0600038371513
607.997622349	0.0596776792909
608.1927698	0.0594551245156
608.387902357	0.0593269636622
608.583020017	0.059332335674
608.778122779	0.0593967998158
608.973210638	0.0595142166456
609.168283592	0.0594781474234
609.363341638	0.059332335674
609.558384774	0.0591719427497
609.753412996	0.0591627335866
609.948426301	0.059211081693
610.143424686	0.0591105483289
610.33840815	0.0588949004259
610.533376688	0.0589194581942
610.728330297	0.0587598327002
610.923268976	0.0587575304094
611.118192721	0.0587375772227
611.313101529	0.058525766471
611.507995397	0.0583254671732
611.702874322	0.0584229308162
611.897738302	0.0584835578067
612.092587333	0.0585871608918
612.287421413	0.0586286021258
612.482240538	0.0584559303173
612.677044707	0.0582778864971
612.871833915	0.0580729826177
613.06660816	0.0580092859061
613.26136744	0.0579962395917
613.45611175	0.0581689114002
613.65084109	0.058236445263
613.845555454	0.0581205632938
614.040254841	0.0581113541307
614.234939248	0.058251026438
614.429608671	0.0582088177737
614.624263108	0.0580867963624
614.818902556	0.0582978396838
615.013527013	0.0583431180691
615.208136474	0.058351559802
615.402730938	0.0583584666743
615.597310401	0.0585119527263
615.79187486	0.058525766471
615.986424313	0.0583845593032
616.180958757	0.0583814895821
616.375478188	0.058487394958
616.569982604	0.0587935996316
616.764472003	0.0588726449484
616.95894638	0.0588987375772
617.153405733	0.0590882928514
617.34785006	0.05893634166
617.542279357	0.0589286673574
617.736693622	0.0588941329957
617.931092851	0.0589816200453
618.125477042	0.0590975020145
618.319846191	0.0588534591919
618.514200297	0.0587582978397
618.708539355	0.0587299029201
618.902863364	0.0588726449484
619.09717232	0.0588902958444
619.29146622	0.0587575304094
619.485745061	0.0587928322014
619.680008841	0.0589616668585
619.874257557	0.0590652699436
620.068491205	0.0589087141706
620.262709783	0.059016154407
620.456913288	0.0587429492345
620.651101717	0.058413721653
620.845275067	0.0583914661755
621.039433336	0.0583193277311
621.233576519	0.0580154253482
621.427704615	0.0580814243506
621.621817621	0.0579563332182
621.815915533	0.0579893327194
622.009998349	0.0578481255516
622.204066066	0.05760715245
622.39811868	0.057530409424
622.59215619	0.0575357814359
622.786178592	0.0576570354169
622.980185883	0.0571206016653
623.17417806	0.0570108591382
623.368155121	0.0571267411074
623.562117062	0.0571827635164
623.756063881	0.05695713902
623.949995575	0.0564483327578
624.143912141	0.0562073596562
624.337813575	0.0556417635547
624.531699876	0.0556716933349
624.725571039	0.0555381604697
624.919427063	0.0550892137677
625.113267945	0.0548482406661
625.30709368	0.0547730325007
625.500904268	0.0542795748436
625.694699704	0.0541598557231
625.888479986	0.0538099075247
626.08224511	0.0534630290472
626.275995075	0.0531460803499
626.469729876	0.052839108246
626.663449512	0.0525336710026
626.857153979	0.0520517247995
627.050843275	0.0519957023905
627.244517396	0.0514807566862
627.438176339	0.0511277387667
627.631820103	0.0505076551168
627.825448683	0.0499198035379
628.019062077	0.0497632477649
628.212660281	0.0495499021526
628.406243294	0.0492490694908
628.599811113	0.0486573807605
628.793363733	0.0481148075669
628.986901153	0.0481554813706
629.180423369	0.0477656267987
629.373930379	0.047199263267
629.56742218	0.0469636621772
629.760898768	0.0467526188558
629.954360142	0.0462146502437
630.147806297	0.04573116918
630.341237232	0.0456229615134
630.534652942	0.0451809216837
630.728053426	0.0448163923103
630.921438681	0.0443712827597
631.114808703	0.0439300103603
631.308163489	0.0434626453321
631.501503038	0.0427366563064
631.694827345	0.0422669889874
631.888136408	0.0420114347109
632.081430224	0.0415724646023
632.27470879	0.0409999616285
632.467972104	0.0405187828556
632.661220162	0.0402992978013
632.854452961	0.040041441234
633.047670499	0.0392878247189
633.240872772	0.0389102490311
633.434059778	0.038525766471
633.627231514	0.03807988949
633.820387977	0.0371873680979
634.013529164	0.0367430259775
634.206655072	0.0364943785733
634.399765699	0.0356778327769
634.592861041	0.0353493726258
634.785941095	0.0346939871839
634.979005859	0.0341222516404
635.172055329	0.0334576570354
635.365089503	0.0330371052531
635.558108378	0.0327662023714
635.751111951	0.0324876251871
635.94410022	0.0319987721116
636.13707318	0.0314615709297
636.33003083	0.0311093204405
636.522973165	0.0308176969418
636.715900185	0.0302336825141
636.908811885	0.0296634818311
637.101708263	0.0293549748667
637.294589315	0.029007328959
637.48745504	0.0285821725951
637.680305433	0.0281025286827
637.873140492	0.0276612562833
638.065960215	0.0273604236215
638.258764598	0.0268638962434
638.451553638	0.0264740416715
638.644327333	0.0260381412839
638.83708568	0.0258654694755
639.029828675	0.0256206592226
639.222556316	0.0253628026553
639.4152686	0.0251080158091
639.607965524	0.0248962050574
639.800647085	0.0247020452016
639.99331328	0.0244073519819
640.185964107	0.0240336134454
640.378599561	0.0238133609608
640.571219642	0.0234380875638
640.763824345	0.0231395571927
640.956413668	0.022959978512
641.148987608	0.0226008211504
641.341546161	0.0221434327156
641.534089326	0.021905529335
641.726617099	0.0214872798434
641.919129477	0.0214197459806
642.111626457	0.0210974252715
642.304108037	0.0208510801581
642.496574213	0.0207359656191
642.689024983	0.0204673650282
642.881460344	0.0202010667281
643.073880292	0.0198825831703
643.266284826	0.019471240551
643.458673941	0.0191842216339
643.651047636	0.0187889950501
643.843405907	0.0183016768351
644.035748751	0.0180660757454
644.228076166	0.0177982425847
644.420388149	0.0174805264572
644.612684696	0.0173385518591
644.804965804	0.0172694831357
644.997231472	0.0170054871264
645.189481696	0.0170216031618
645.381716472	0.0169886036606
645.573935799	0.016877326273
645.766139674	0.0167760254787
645.958328092	0.0165542381336
646.150501052	0.0161804995971
646.342658551	0.0158098307816
646.534800585	0.0155143701316
646.726927152	0.0154337899543
646.919038249	0.0150661908599
647.111133873	0.0148643567016
647.303214021	0.0148820075976
647.49527869	0.0145098039216
647.687327878	0.0142427381912
647.879361581	0.0139633935766
648.071379796	0.013781512605
648.263382522	0.0138421395956
648.455369753	0.013580445877
648.647341489	0.0133786117187
648.839297725	0.0128874563524
649.03123846	0.0127669698016
649.22316369	0.0122965350524
649.415073411	0.0119312382487
649.606967623	0.011598173516
649.79884632	0.011583592341
649.990709501	0.0111208318944
650.182557163	0.0110018802041
650.374389303	0.0107163961475
650.566205917	0.0104524001381
650.758007003	0.0102804957599
650.949792558	0.0102260082115
651.14156258	0.0103142626914
651.333317064	0.0100387552281
651.525056009	0.010047196961
651.716779412	0.0098845017459
651.908487269	0.00986531598941
652.100179577	0.00966348183109
652.291856335	0.00937876520471
652.483517538	0.00916311730172
652.675163184	0.00908407198496
652.86679327	0.00923141859484
653.058407794	0.00910939718353
653.250006751	0.00907256053106
653.44159014	0.00904263075093
653.633157958	0.00885537776755
653.824710201	0.00869498484325
654.016246867	0.00867426422624
654.207767952	0.00870342657611
654.399273454	0.00892060933963
654.590763371	0.00882928513871
654.782237698	0.00854840566364
654.973696434	0.00859905606078
655.165139575	0.00814243505621
655.356567118	0.00811480756686
655.547979061	0.00797129810828
655.7393754	0.00791297340854
655.930756133	0.00791604312958
656.122121257	0.0079843444227
656.313470768	0.00784620697594
656.504804665	0.0079060665362
656.696122944	0.00769962779632
656.887425602	0.00754153716281
657.078712636	0.00740953915813
657.269984044	0.0075093050919
657.461239822	0.00733433099267
657.652479968	0.00715782203292
657.843704478	0.00693449982733
658.03491335	0.00695445301408
658.226106582	0.00693219753655
658.417284169	0.00685698937109
658.608446109	0.00674647941368
658.7995924	0.00674494455316
658.990723038	0.00644334446107
659.18183802	0.00645025133341
659.372937344	0.00630443958405
659.564021006	0.00630827673535
659.755089005	0.00649092513718
659.946141336	0.00629139326964
660.137177997	0.00601204865508
660.328198985	0.00584321399793
660.519204297	0.0056759142013
660.71019393	0.00561912436207
660.901167882	0.00555466022025
661.092126149	0.0055347070335
661.283068729	0.00515559648517
661.473995618	0.0050443190975
661.664906814	0.00495452975711
661.855802314	0.00494685545451
662.046682115	0.00496911093204
662.237546214	0.0048992747784
662.428394608	0.00469130117801
662.619227295	0.00480871800775
662.810044271	0.00474118414489
663.000845533	0.00479106711178
663.191631079	0.00471892866736
663.382400905	0.00485092667204
663.573155009	0.00475192816853
663.763893388	0.00456314032462
663.95461604	0.00452476881163
664.14532296	0.00451248992748
664.336014146	0.00459000038372
664.526689596	0.00476343962242
664.717349306	0.00473657956333
664.907993273	0.00462223245463
665.098621495	0.00467902229385
665.289233969	0.00471125436476
665.479830692	0.00485092667204
665.67041166	0.00475806761061
665.860976872	0.00476497448294
666.051526323	0.00462299988489
666.242060012	0.00452093166034
666.432577935	0.00463681362956
666.62308009	0.00454779171943
666.813566473	0.00441118913319
667.004037081	0.00430912090864
667.194491913	0.00440044510955
667.384930964	0.00425386592993
667.575354232	0.0041763554737
667.765761714	0.00403591573616
667.956153407	0.00400368366525
668.146529308	0.0039016154407
668.336889415	0.00384789532251
668.527233724	0.00365143317601
668.717562233	0.00358466674341
668.907874938	0.0034818310886
669.098171837	0.00315260350716
669.288452927	0.00301676835118
669.478718205	0.00284409654273
669.668967668	0.00294539733702
669.859201313	0.00289397950961
670.049419137	0.0027682980463
670.239621138	0.00272532195175
670.429807312	0.00265778808889
670.619977656	0.00253883639863
670.810132169	0.00253960382889
671.000270846	0.00258718450499
671.190393684	0.00244981448849
671.380500682	0.00238381548615
671.570591836	0.00228540731361
671.760667143	0.00231840681478
671.9507266	0.00217046987393
672.140770205	0.00220884138692
672.330797954	0.00219886479355
672.520809845	0.00210140115056
672.710805874	0.00213900523328
672.900786039	0.00212117723802
673.090750337	0.00223091976517
673.280698765	0.00217336249568
673.47063132	0.00229231418595
673.660548	0.00240128928284
673.8504488	0.00234142972257
674.040333719	0.002417228219
674.230202753	0.00242950710316
674.4200559	0.00242566995186
674.609893157	0.00260141148135
674.799714521	0.00264515500615
674.989519988	0.00258990002745
675.179309556	0.00262673667992
675.369083223	0.00250489236791
675.558840985	0.0025087295192
675.748582839	0.00257779824258
675.938308782	0.00264745729693
676.128018812	0.00253541247901
676.317712925	0.0025507610842
676.50739112	0.00264975958771
676.697053392	0.00268352651914
676.886699739	0.00262998350025
677.076330158	0.00262537891869
677.265944646	0.00278193469168
677.4555432	0.00270212194467
677.645125818	0.00256705421895
677.834692496	0.00270749395649
678.024243231	0.00288016576494
678.213778022	0.00277042323779
678.403296864	0.00262307662791
678.592799754	0.00250719465869
678.782286691	0.00253865929934
678.971757671	0.00257089137025
679.161212691	0.00254710103219
679.350651748	0.00281475709356
679.54007484	0.00280495759948
679.729481963	0.00253328728752
679.918873114	0.00249568320479
680.108248291	0.00256935650973
680.297607491	0.0025985188596
680.486950711	0.00249704096602
680.676277948	0.00228906736562
680.865589199	0.00234202005354
681.054884461	0.00217932483847
681.244163731	0.00218930143185
681.433427007	0.00216781338457
681.622674285	0.00219851059497
681.811905562	0.00201049018132
682.001120837	0.00175570333507
682.190320105	0.00170505293793
682.379503364	0.00170275064715
682.568670611	0.00155617146753
682.757821843	0.00137736021701
682.946957057	0.00118414489083
683.136076251	0.00124170216032
683.325179421	0.001
683.514266564	0.00101761252446
683.703337678	0.00101761252446
683.89239276	0.00110509957408
684.081431806	0.00119719120525
684.270454815	0.00129849199954
684.459461782	0.00126643702792
684.648452705	0.00126643702792
684.837427582	0.00127257647
685.026386409	0.00144448084819
685.215329184	0.0012839108246
685.404255902	0.00132458462837
685.593166563	0.00123420495701
685.782061162	0.00116360137311
685.970939697	0.00116360137311
686.159802165	0.00124648384117
686.348648563	0.0013431800539
686.537478889	0.0013431800539
686.726293138	0.0013431800539
686.915091309	0.00133532865201
687.103873398	0.00129235255746
687.292639402	0.00136295614136
687.48138932	0.0013316686
687.670123147	0.00140073732338
687.858840881	0.00130557597117
688.047542518	0.00136543553143
688.236228057	0.00125646043454
688.424897494	0.00125646043454
688.613550826	0.00143066710351
688.802188051	0.00137446759526
688.990809165	0.00132074747707
689.179414166	0.00131478513429
689.36800305	0.00146289917442
689.556575815	0.00164690533748
689.745132458	0.00186715782203
689.933672976	0.00201296957139
690.122197366	0.00201757415295
690.310705625	0.00190458480547
690.49919775	0.00190458480547
690.687673739	0.00222537065406
690.876133588	0.0023542989377
691.064577295	0.00228676507484
691.253004856	0.00223918439873
691.441416269	0.00222519355477
691.629811531	0.00216745918599
691.818190639	0.00230329434197
692.006553591	0.0021081899567
692.194900382	0.00212584085267
692.383231011	0.00212584085267
692.571545474	0.00195163418371
692.759843768	0.00206846068248
692.948125891	0.00226338796846
693.13639184	0.0024153391599
693.324641612	0.00228794573678
693.512875203	0.00211816655008
693.701092612	0.00203067950046
693.889293834	0.00200612173215
694.077478868	0.00193687590948
694.26564771	0.00192554155487
694.453800358	0.00192554155487
694.641936808	0.00163391805616
694.830057057	0.00150498977252
695.018161104	0.00153108240135
695.206248944	0.00150805949356
695.394320575	0.00162624375356
695.582375994	0.0016540483422
695.770415199	0.00148674854557
695.958438185	0.00155906408928
696.146444951	0.00137854087894
696.334435493	0.00141691239193
696.522409809	0.00146295820752
696.710367895	0.00147830681271
696.89830975	0.00118036677263
697.086235369	0.00110976318873
697.27414475	0.001
697.46203789	0.00102782525023
697.649914786	0.001
697.837775435	0.001
698.025619835	0.001
698.213447982	0.00104990362847
698.401259874	0.00104990362847
698.589055507	0.0010207412786
698.776834879	0.0011581112951
698.964597988	0.00126938868276
699.152344829	0.00128107723595
699.3400754	0.00126189147946
699.527789698	0.00135014595933
699.71548772	0.00150670173233
699.903169464	0.00149749256921
700.090834927	0.0016235282311
700.278484105	0.00158515671811
700.466116995	0.00176396796864
700.653733596	0.00174324735163
700.841333903	0.00179253998754
701.028917914	0.00174938679371
701.216485626	0.00184761786696
701.404037037	0.00185529216955
701.591572143	0.0018009817204
701.779090941	0.00176048501592
701.966593429	0.00181975424522
702.154079603	0.00165859389066
702.341549461	0.00165859389066
702.529003	0.00165859389066
702.716440217	0.00159719946988
702.903861108	0.00142452766143
703.091265672	0.00141283910825
703.278653905	0.00141053681747
703.466025805	0.00133993323357
703.653381367	0.00118585685064
703.840720591	0.00127948334234
704.028043471	0.00114595047714
704.215350007	0.00132859887896
704.402640195	0.00110374181285
704.589914031	0.001
704.777171513	0.001
704.964412639	0.001
705.151637405	0.001
705.338845808	0.001
705.526037845	0.001
705.713213514	0.001
705.900372812	0.001
706.087515735	0.001
706.274642282	0.001
706.461752448	0.001
706.648846231	0.001
706.835923629	0.001
707.022984637	0.001
707.210029254	0.001
707.397057477	0.001
707.584069302	0.001
707.771064726	0.001
707.958043748	0.001
708.145006363	0.001
708.33195257	0.001
708.518882364	0.001
708.705795743	0.001
708.892692705	0.001
709.079573246	0.001
709.266437364	0.001
709.453285055	0.001
709.640116317	0.001
709.826931147	0.001
710.013729541	0.001
710.200511498	0.001
710.387277014	0.001
710.574026085	0.001
710.760758711	0.001
710.947474886	0.001
711.134174609	0.001
711.320857877	0.001
711.507524686	0.001
711.694175034	0.001
711.880808918	0.001
712.067426335	0.001
712.254027282	0.001
712.440611757	0.001
712.627179755	0.001
712.813731276	0.001
713.000266314	0.001
713.186784868	0.001
713.373286935	0.001
713.559772512	0.001
713.746241596	0.001
713.932694184	0.001
714.119130272	0.001
714.30554986	0.001
714.491952942	0.001
714.678339517	0.001
714.864709581	0.001
715.051063132	0.001
715.237400167	0.001
715.423720683	0.001
715.610024676	0.001
715.796312145	0.001
715.982583086	0.001
716.168837496	0.001
716.355075372	0.001
716.541296712	0.001
716.727501512	0.001
716.91368977	0.001
717.099861483	0.001
717.286016648	0.001
717.472155262	0.001
717.658277321	0.001
717.844382824	0.001
718.030471768	0.001
718.216544148	0.001
718.402599963	0.001
718.58863921	0.00105238301854
718.774661885	0.001
718.960667986	0.0010740481651
719.14665751	0.00110628023601
719.332630454	0.00116076778446
719.518586815	0.00120988332108
719.70452659	0.00128833830687
719.890449777	0.00134205842506
720.076356372	0.00129754746999
720.262246372	0.00142647575363
720.448119775	0.00140481060707
720.633976578	0.00146236787655
720.819816778	0.00146236787655
721.005640371	0.00153066916967
721.191447356	0.00147387933045
721.377237728	0.00150227425006
721.563011486	0.00165670483156
721.748768626	0.00165670483156
721.934509146	0.00165670483156
722.120233042	0.00151396280325
722.305940311	0.00170121578663
722.491630952	0.00151225084344
722.67730496	0.00149997195928
722.862962333	0.00145853072525
723.048603068	0.0015567617985
723.234227163	0.00161892364954
723.419834613	0.0015053439711
723.605425417	0.0014117174794
723.790999571	0.00152913430915
723.976557073	0.00165115572045
724.16209792	0.00187140820501
724.347622108	0.0020089553208
724.533129635	0.00188539904898
724.718620498	0.00190688709625
724.904094694	0.00182784177949
725.08955222	0.00183014407027
725.274993074	0.00171656439183
725.460417252	0.00156000861883
725.645824751	0.00160682186468
725.831215569	0.0016465511389
726.016589703	0.00172022444383
726.201947149	0.00155156688597
726.387287905	0.00153332565903
726.572611968	0.00153332565903
726.757919335	0.00145794039428
726.943210004	0.00150935822169
727.12848397	0.00147175413896
727.313741233	0.0014938325172
727.498981787	0.00154755263539
727.684205631	0.00151455313421
727.869412762	0.00141230781037
728.054603177	0.00113296319582
728.239776872	0.00113833520763
728.424933846	0.00123196169933
728.610074094	0.00123638918159
728.795197615	0.00124081666386
728.980304405	0.00115102732347
729.165394461	0.00126767672295
729.350467781	0.00127611845581
729.535524362	0.00132139684114
729.7205642	0.00142364216498
729.905587293	0.00134996886004
730.090593638	0.00137204723828
730.275583232	0.00156927681505
730.460556072	0.00163067123583
730.645512156	0.00174135829253
730.830451479	0.00155947732096
731.01537404	0.00165694096395
731.200279836	0.00163486258571
731.385168863	0.00164867633038
731.570041119	0.00147370223116
731.754896601	0.00150611140136
731.939735306	0.00159743560227
732.12455723	0.00144625184109
732.309362372	0.00132116070875
732.494150728	0.00133131440142
732.678922296	0.00137216530448
732.863677072	0.00137216530448
733.048415053	0.00125551590499
733.233136237	0.00124707417213
733.417840621	0.00122251640382
733.602528202	0.00108573671829
733.787198976	0.00108573671829
733.971852942	0.00104506291452
734.156490096	0.001
734.341110435	0.001
734.525713956	0.001
734.710300657	0.001
734.894870535	0.001
735.079423586	0.001
735.263959808	0.001
735.448479197	0.001
735.632981752	0.001
735.817467469	0.001
736.001936345	0.001
736.186388377	0.001
736.370823563	0.001
736.555241899	0.001
736.739643383	0.001
736.924028011	0.001
737.108395781	0.001
737.29274669	0.001
737.477080735	0.001
737.661397914	0.001
737.845698222	0.001
738.029981658	0.001
738.214248218	0.001
738.398497899	0.001
738.582730699	0.001
738.766946615	0.001
738.951145644	0.00102245323841
739.135327783	0.0010303046403
739.319493028	0.001
739.503641378	0.001
739.687772829	0.001
739.871887378	0.001
740.055985023	0.001
740.24006576	0.001
740.424129587	0.001
740.608176501	0.001
740.792206498	0.001
740.976219576	0.00101076468522
741.160215733	0.001
741.344194964	0.001
741.528157268	0.001
741.712102641	0.00100462524314
741.896031081	0.0010493132975
742.079942584	0.00110934995705
742.263837148	0.00110244308472
742.447714769	0.001
742.631575445	0.001
742.815419174	0.001
742.999245951	0.00108650414855
743.183055774	0.00107882984595
743.366848641	0.00115787516271
743.550624548	0.00115462834238
743.734383493	0.00115462834238
743.918125472	0.00111318710835
744.101850483	0.001
744.285558522	0.00112546599251
744.469249588	0.00111336420764
744.652923676	0.00108514638732
744.836580785	0.00108591381758
745.020220911	0.00108591381758
745.203844051	0.00108591381758
745.387450202	0.00110875962608
745.571039362	0.00106483900199
745.754611527	0.00116460493576
745.938166695	0.00115002376082
746.121704863	0.0011600003542
746.305226028	0.0011600003542
746.488730187	0.00115580900432
746.672217337	0.00102381099964
746.855687475	0.001
747.039140598	0.001
747.222576704	0.001
747.405995789	0.001
747.589397851	0.001
747.772782887	0.001
747.956150893	0.001
748.139501868	0.001
748.322835807	0.001
748.506152708	0.001
748.689452569	0.001
748.872735386	0.001
749.056001157	0.001
749.239249878	0.001
749.422481546	0.001
749.605696159	0.001
749.788893715	0.001
749.972074209	0.001
750.155237639	0.001
750.338384002	0.001
750.521513296	0.001
750.704625517	0.001
750.887720662	0.001
751.070798729	0.001
751.253859714	0.001
751.436903615	0.00108036470647
751.61993043	0.001
751.802940154	0.001
751.985932785	0.001
752.16890832	0.001
752.351866757	0.00112121560953
752.534808091	0.00114618660952
752.717732322	0.00113987006815
752.900639445	0.00121679019342
753.083529457	0.00111454486958
753.266402357	0.001
753.44925814	0.0011713347088
753.632096804	0.00115769806342
753.814918347	0.00125823142745
753.997722764	0.00135876479148
754.180510054	0.00122369706576
754.363280213	0.00131885841797
754.546033239	0.00134802076784
754.728769128	0.0014061683683
754.911487878	0.00132387623121
755.094189486	0.00125250521705
755.276873948	0.001
755.459541263	0.001
755.642191426	0.001
755.824824436	0.00113201866627
756.00744029	0.00114140492867
756.190038983	0.001
756.372620514	0.001
756.55518488	0.001
756.737732078	0.001
756.920262104	0.001
757.102774956	0.00105734179868
757.285270631	0.001
757.467749127	0.001
757.650210439	0.001
757.832654566	0.001
758.015081504	0.001
758.197491251	0.001
758.379883803	0.001
758.562259159	0.001
758.744617314	0.001
758.926958266	0.001
759.109282012	0.001
759.291588549	0.001
759.473877874	0.001
759.656149985	0.001
759.838404878	0.001
760.020642551	0.001
760.202863	0.001
760.385066223	0.001
760.567252217	0.001
760.749420979	0.001
760.931572506	0.001
761.113706795	0.001
761.295823844	0.001
761.477923649	0.001
761.660006207	0.001
761.842071516	0.001
762.024119572	0.001
762.206150373	0.001
762.388163917	0.001
762.570160199	0.001
762.752139217	0.001
762.934100968	0.001
763.11604545	0.001
763.297972659	0.001
763.479882593	0.00102510972777
763.661775248	0.00110568990505
763.843650622	0.00109341102089
764.025508711	0.00109341102089
764.207349514	0.00118320036128
764.389173026	0.00107269040387
764.570979246	0.00106041151972
764.75276817	0.00106041151972
764.934539795	0.00101283084361
765.116294119	0.00101283084361
765.298031138	0.00113083800433
765.479750849	0.00119854896648
765.661453251	0.00109034129985
765.843138339	0.001
766.024806111	0.001
766.206456564	0.001
766.388089695	0.001
766.569705502	0.001
766.751303981	0.001
766.932885129	0.001
767.114448944	0.00100952499019
767.295995422	0.001
767.477524561	0.001
767.659036358	0.001
767.84053081	0.00100338554811
768.022007914	0.001
768.203467667	0.001
768.384910067	0.001
768.566335109	0.001
768.747742792	0.00105710566629
768.929133113	0.00105710566629
769.110506068	0.001
769.291861656	0.001
769.473199872	0.001
769.654520713	0.00114134589558
769.835824178	0.00119967059532
770.017110264	0.00119967059532
770.198378966	0.00129005026668
770.379630283	0.00115268025018
770.560864211	0.00113656421473
770.742080748	0.00113254996414
770.92327989	0.0010473652053
771.104461636	0.001
771.285625981	0.001
771.466772923	0.00107576012491
771.647902459	0.00101820285543
771.829014587	0.00123078103739
772.010109302	0.0012745245622
772.191186603	0.00132133780804
772.372246487	0.00121082785063
772.55328895	0.00111950364972
772.73431399	0.00132133780804
772.915321604	0.00135203501843
773.096311788	0.00158858063773
773.277284541	0.00154023253137
773.458239858	0.00134530524539
773.639177738	0.0013660258624
773.820098177	0.0013660258624
774.001001173	0.00127529199246
774.181886722	0.00127375713194
774.362754822	0.00143645234701
774.543605469	0.0015415902926
774.724438661	0.00149400961649
774.905254396	0.00173498271806
775.086052669	0.00163061220273
775.266833478	0.0015492645952
775.447596821	0.00152470682688
775.628342694	0.00138196479856
775.809071094	0.00134264875603
775.989782019	0.00146467016733
776.170475465	0.00146467016733
776.35115143	0.00146467016733
776.531809911	0.00127222227142
776.712450905	0.00116785175609
776.893074409	0.001
777.073680421	0.001
777.254268936	0.00108248989796
777.434839953	0.0010034445812
777.615393468	0.00102629038971
777.795929479	0.00105869955991
777.976447982	0.00106194638024
778.156948975	0.001
778.337432455	0.001
778.517898419	0.001
778.698346865	0.001
778.878777788	0.001
779.059191186	0.001
779.239587057	0.001
779.419965398	0.001
779.600326204	0.001
779.780669475	0.001
779.960995206	0.001
780.141303396	0.001
780.32159404	0.001
780.501867136	0.001
780.682122682	0.001
780.862360674	0.001
781.042581109	0.001
781.222783984	0.001
781.402969298	0.001
781.583137046	0.001
781.763287226	0.001
781.943419834	0.001
782.123534869	0.001
782.303632327	0.001
782.483712205	0.001
782.6637745	0.001
782.84381921	0.001
783.023846331	0.001
783.203855861	0.001
783.383847796	0.001
783.563822135	0.001
783.743778873	0.001
783.923718008	0.001
784.103639538	0.0010339646923
784.283543459	0.00114600951023
784.463429768	0.00122121767569
784.643298462	0.00122121767569
784.823149539	0.00113237286485
785.002982996	0.00118302326199
785.182798829	0.00110244308472
785.362597036	0.00110244308472
785.542377614	0.00106407157173
785.722140561	0.0011484889003
785.901885872	0.00122540902557
786.081613546	0.00122540902557
786.261323579	0.0012668502596
786.441015968	0.00126395763785
786.620690711	0.00124937646291
786.800347804	0.00124801870169
786.979987246	0.00122115864259
787.159609032	0.0012343820563
787.33921316	0.00109164002798
787.518799628	0.001
787.698368431	0.001
787.877919568	0.001
788.057453035	0.001
788.236968829	0.001
788.416466948	0.001
788.595947389	0.001
788.775410149	0.001
788.954855224	0.00104642067575
789.134282613	0.00105468530932
789.313692311	0.00114370721945
789.493084317	0.00114217235893
789.672458627	0.00109382425257
789.851815238	0.00109382425257
790.031154148	0.00119282275608
790.210475354	0.00119282275608
790.389778852	0.00115120442276
790.56906464	0.00115120442276
790.748332715	0.001
790.927583074	0.001
791.106815714	0.001
791.286030632	0.001
791.465227826	0.001
791.644407292	0.001
791.823569027	0.001
792.002713029	0.001
792.181839295	0.001
792.360947822	0.001
792.540038606	0.001
792.719111646	0.001
792.898166938	0.001
793.077204479	0.001
793.256224266	0.001
793.435226297	0.001
793.614210568	0.001
793.793177077	0.001
793.97212582	0.001
794.151056796	0.001
794.32997	0.001
794.508865431	0.001
794.687743084	0.001
794.866602958	0.001
795.04544505	0.001
795.224269355	0.001
795.403075872	0.001
795.581864598	0.001
795.76063553	0.001
795.939388665	0.001
796.118123999	0.001
796.296841531	0.001
796.475541256	0.001
796.654223173	0.001
796.832887279	0.001
797.01153357	0.001
797.190162043	0.001
797.368772696	0.001
797.547365526	0.001
797.72594053	0.001
797.904497705	0.001
798.083037047	0.001
798.261558555	0.001
798.440062226	0.001
798.618548056	0.001
798.797016042	0.001
798.975466182	0.001
799.153898472	0.001
799.332312911	0.001
799.510709494	0.001
799.689088219	0.001
799.867449083	0.001
