
       350     1.000     1.000     1.000     1.000     1.000     1.000     1.000
       352     1.000     1.000     1.000     1.000     1.000     1.000     1.000
       354     1.000     1.000     1.000     1.000     1.000     1.000     1.000
       356     1.000     1.000     1.000     1.000     1.000     1.000     1.000
       358     1.000     1.000     1.000     1.000     1.000     1.000     1.000
       360     1.000     1.000     1.000     1.000     1.000     1.000     1.000
       362     1.000     1.000     1.000     1.000     1.000     1.000     1.000
       364     1.000     1.000     1.000     1.000     1.000     1.000     1.000
       366     1.000     1.000     1.000     1.000     1.000     1.000     1.000
       368     1.000     1.000     1.000     1.000     1.000     1.000     1.000
       370     1.000     1.000     1.000     1.000     1.000     1.000     1.000
       372     1.000     1.000     1.000     1.000     1.000     1.000     1.000
       374     1.000     1.000     1.000     1.000     1.000     1.000     1.000
       376     1.000     1.000     1.000     1.000     1.000     1.000     1.000
       378     1.000     1.000     1.000     1.000     1.000     1.000     1.000
       380     1.000     1.000     1.000     1.000     1.000     1.000     1.000
       382     1.000     1.000     1.000     1.000     1.000     1.000     1.000
       384     0.001     0.001     1.000     1.000     0.001     1.000     0.501
       386     0.001     0.001     1.000     0.001     0.001     0.001     0.168
       388     0.001     0.001     0.001     0.001     0.001     0.001     0.001
       390     0.001     0.001     0.001     0.001     0.001     0.001     0.001
       392     0.001     0.001     0.001     0.001     0.001     0.001     0.001
       394     0.001     0.001     0.001     0.001     0.001     0.001     0.001
       396     0.001     0.001     0.001     0.001     0.001     0.001     0.001
       398     0.001     0.001     0.001     0.001     0.001     0.001     0.001
       400     0.002     0.002     0.001     0.002     0.002     0.002     0.002
       402     0.002     0.002     0.002     0.002     0.002     0.002     0.002
       404     0.002     0.002     0.002     0.002     0.002     0.002     0.002
       406     0.002     0.002     0.002     0.002     0.002     0.002     0.002
       408     0.002     0.002     0.002     0.002     0.002     0.002     0.002
       410     0.002     0.002     0.002     0.002     0.002     0.002     0.002
       412     0.003     0.003     0.003     0.003     0.003     0.003     0.003
       414     0.003     0.003     0.003     0.003     0.003     0.003     0.003
       416     0.003     0.003     0.003     0.003     0.003     0.003     0.003
       418     0.003     0.003     0.003     0.003     0.003     0.003     0.003
       420     0.004     0.004     0.004     0.004     0.004     0.004     0.004
       422     0.004     0.004     0.004     0.004     0.004     0.004     0.004
       424     0.004     0.004     0.004     0.004     0.004     0.004     0.004
       426     0.005     0.005     0.004     0.004     0.005     0.004     0.005
       428     0.005     0.005     0.005     0.005     0.005     0.005     0.005
       430     0.005     0.005     0.005     0.005     0.005     0.005     0.005
       432     0.006     0.006     0.005     0.006     0.006     0.005     0.006
       434     0.006     0.006     0.006     0.006     0.006     0.006     0.006
       436     0.006     0.006     0.006     0.006     0.006     0.006     0.006
       438     0.007     0.007     0.007     0.007     0.007     0.007     0.007
       440     0.007     0.007     0.007     0.007     0.007     0.007     0.007
       442     0.008     0.008     0.008     0.008     0.008     0.008     0.008
       444     0.008     0.008     0.008     0.008     0.008     0.008     0.008
       446     0.009     0.009     0.009     0.009     0.009     0.009     0.009
       448     0.009     0.009     0.009     0.009     0.010     0.009     0.009
       450     0.010     0.010     0.010     0.010     0.010     0.010     0.010
       452     0.011     0.011     0.011     0.011     0.011     0.011     0.011
       454     0.011     0.011     0.011     0.011     0.012     0.011     0.011
       456     0.012     0.012     0.012     0.012     0.012     0.012     0.012
       458     0.013     0.013     0.012     0.013     0.013     0.013     0.013
       460     0.013     0.013     0.013     0.013     0.014     0.013     0.013
       462     0.014     0.014     0.014     0.014     0.014     0.014     0.014
       464     0.015     0.015     0.015     0.015     0.015     0.015     0.015
       466     0.016     0.016     0.016     0.016     0.016     0.016     0.016
       468     0.017     0.017     0.017     0.017     0.017     0.017     0.017
       470     0.018     0.018     0.018     0.018     0.019     0.018     0.018
       472     0.020     0.020     0.020     0.020     0.020     0.020     0.020
       474     0.021     0.021     0.021     0.021     0.021     0.021     0.021
       476     0.023     0.022     0.022     0.022     0.023     0.023     0.023
       478     0.024     0.024     0.024     0.024     0.024     0.024     0.024
       480     0.025     0.025     0.025     0.025     0.026     0.026     0.025
       482     0.027     0.027     0.027     0.027     0.027     0.027     0.027
       484     0.028     0.028     0.028     0.028     0.029     0.029     0.028
       486     0.030     0.030     0.030     0.030     0.030     0.030     0.030
       488     0.031     0.031     0.031     0.031     0.031     0.031     0.031
       490     0.033     0.033     0.033     0.033     0.033     0.033     0.033
       492     0.034     0.034     0.034     0.034     0.034     0.034     0.034
       494     0.036     0.035     0.035     0.035     0.036     0.036     0.036
       496     0.037     0.037     0.037     0.037     0.037     0.037     0.037
       498     0.038     0.038     0.038     0.038     0.039     0.039     0.038
       500     0.040     0.040     0.040     0.040     0.040     0.040     0.040
       502     0.041     0.041     0.041     0.041     0.041     0.041     0.041
       504     0.043     0.043     0.043     0.043     0.043     0.043     0.043
       506     0.044     0.044     0.044     0.044     0.045     0.045     0.044
       508     0.046     0.046     0.046     0.046     0.046     0.046     0.046
       510     0.048     0.048     0.048     0.048     0.048     0.048     0.048
       512     0.050     0.049     0.049     0.049     0.050     0.050     0.050
       514     0.051     0.051     0.051     0.051     0.051     0.051     0.051
       516     0.053     0.053     0.053     0.053     0.053     0.053     0.053
       518     0.055     0.054     0.054     0.054     0.055     0.054     0.054
       520     0.056     0.056     0.056     0.056     0.056     0.056     0.056
       522     0.058     0.058     0.058     0.057     0.058     0.058     0.058
       524     0.059     0.059     0.059     0.059     0.059     0.059     0.059
       526     0.061     0.061     0.061     0.060     0.061     0.061     0.061
       528     0.062     0.062     0.062     0.062     0.062     0.062     0.062
       530     0.063     0.063     0.063     0.063     0.063     0.063     0.063
       532     0.065     0.065     0.065     0.065     0.065     0.065     0.065
       534     0.066     0.067     0.067     0.066     0.066     0.066     0.066
       536     0.067     0.068     0.068     0.067     0.067     0.067     0.067
       538     0.068     0.069     0.069     0.068     0.068     0.068     0.068
       540     0.069     0.070     0.070     0.069     0.070     0.069     0.070
       542     0.071     0.071     0.071     0.070     0.071     0.070     0.071
       544     0.072     0.072     0.072     0.071     0.072     0.072     0.072
       546     0.073     0.073     0.073     0.072     0.073     0.073     0.073
       548     0.074     0.074     0.074     0.074     0.074     0.074     0.074
       550     0.075     0.075     0.075     0.074     0.075     0.075     0.075
       552     0.076     0.076     0.076     0.075     0.076     0.076     0.076
       554     0.076     0.077     0.077     0.076     0.076     0.076     0.076
       556     0.077     0.078     0.078     0.077     0.077     0.077     0.077
       558     0.078     0.079     0.079     0.078     0.078     0.078     0.078
       560     0.079     0.079     0.080     0.079     0.079     0.079     0.079
       562     0.080     0.080     0.081     0.080     0.080     0.080     0.080
       564     0.081     0.081     0.081     0.080     0.081     0.081     0.081
       566     0.081     0.082     0.082     0.081     0.082     0.081     0.082
       568     0.082     0.083     0.083     0.082     0.082     0.082     0.082
       570     0.083     0.083     0.084     0.083     0.083     0.083     0.083
       572     0.084     0.084     0.085     0.084     0.084     0.084     0.084
       574     0.084     0.084     0.084     0.084     0.085     0.084     0.084
       576     0.085     0.085     0.085     0.085     0.085     0.085     0.085
       578     0.086     0.085     0.086     0.085     0.086     0.085     0.085
       580     0.086     0.086     0.086     0.086     0.087     0.086     0.086
       582     0.087     0.086     0.087     0.086     0.087     0.087     0.087
       584     0.087     0.087     0.087     0.087     0.087     0.087     0.087
       586     0.087     0.087     0.087     0.087     0.088     0.087     0.087
       588     0.087     0.087     0.088     0.087     0.088     0.087     0.087
       590     0.087     0.087     0.088     0.087     0.088     0.088     0.088
       592     0.088     0.087     0.088     0.088     0.088     0.088     0.088
       594     0.088     0.087     0.088     0.088     0.088     0.088     0.088
       596     0.087     0.087     0.088     0.087     0.088     0.088     0.088
       598     0.087     0.087     0.087     0.087     0.088     0.087     0.087
       600     0.087     0.087     0.087     0.087     0.087     0.087     0.087
       602     0.086     0.086     0.087     0.087     0.087     0.087     0.087
       604     0.086     0.086     0.086     0.086     0.087     0.086     0.086
       606     0.085     0.085     0.086     0.085     0.086     0.085     0.085
       608     0.084     0.084     0.085     0.085     0.085     0.085     0.085
       610     0.083     0.083     0.084     0.084     0.084     0.084     0.084
       612     0.082     0.082     0.082     0.082     0.083     0.082     0.082
       614     0.081     0.081     0.081     0.081     0.081     0.081     0.081
       616     0.079     0.079     0.079     0.079     0.080     0.079     0.079
       618     0.077     0.077     0.077     0.077     0.078     0.077     0.077
       620     0.075     0.075     0.075     0.075     0.075     0.075     0.075
       622     0.072     0.072     0.072     0.072     0.073     0.072     0.072
       624     0.070     0.070     0.070     0.070     0.070     0.070     0.070
       626     0.067     0.067     0.067     0.067     0.067     0.067     0.067
       628     0.064     0.064     0.064     0.064     0.064     0.064     0.064
       630     0.061     0.061     0.061     0.061     0.061     0.061     0.061
       632     0.058     0.057     0.058     0.058     0.058     0.058     0.058
       634     0.054     0.054     0.054     0.054     0.055     0.054     0.054
       636     0.051     0.051     0.051     0.051     0.051     0.051     0.051
       638     0.047     0.047     0.047     0.047     0.047     0.047     0.047
       640     0.043     0.043     0.044     0.044     0.044     0.043     0.043
       642     0.040     0.040     0.040     0.040     0.040     0.040     0.040
       644     0.036     0.036     0.036     0.036     0.036     0.036     0.036
       646     0.032     0.032     0.032     0.032     0.033     0.032     0.032
       648     0.029     0.029     0.029     0.029     0.029     0.029     0.029
       650     0.025     0.025     0.025     0.026     0.026     0.025     0.025
       652     0.022     0.022     0.022     0.022     0.023     0.022     0.022
       654     0.019     0.019     0.019     0.020     0.020     0.019     0.019
       656     0.017     0.017     0.017     0.017     0.017     0.017     0.017
       658     0.015     0.015     0.015     0.015     0.015     0.015     0.015
       660     0.013     0.013     0.013     0.013     0.013     0.013     0.013
       662     0.011     0.011     0.011     0.011     0.011     0.011     0.011
       664     0.009     0.009     0.009     0.010     0.010     0.009     0.009
       666     0.008     0.008     0.008     0.008     0.008     0.008     0.008
       668     0.007     0.007     0.007     0.007     0.007     0.007     0.007
       670     0.006     0.006     0.006     0.007     0.007     0.006     0.006
       672     0.006     0.006     0.006     0.006     0.006     0.006     0.006
       674     0.005     0.005     0.005     0.005     0.005     0.005     0.005
       676     0.004     0.004     0.005     0.005     0.005     0.004     0.005
       678     0.004     0.004     0.004     0.004     0.004     0.004     0.004
       680     0.004     0.004     0.004     0.004     0.004     0.004     0.004
       682     0.003     0.003     0.003     0.003     0.003     0.003     0.003
       684     0.003     0.003     0.003     0.003     0.003     0.003     0.003
       686     0.003     0.003     0.003     0.003     0.003     0.003     0.003
       688     0.002     0.002     0.003     0.003     0.003     0.002     0.003
       690     0.002     0.002     0.002     0.002     0.002     0.002     0.002
       692     0.002     0.002     0.002     0.002     0.002     0.002     0.002
       694     0.002     0.002     0.002     0.002     0.002     0.002     0.002
       696     0.002     0.002     0.002     0.002     0.002     0.002     0.002
       698     0.002     0.002     0.002     0.002     0.002     0.002     0.002
       700     0.002     0.002     0.002     0.002     0.002     0.001     0.002
       702     0.001     0.001     0.001     0.001     0.002     0.001     0.001
       704     0.001     0.001     0.001     0.001     0.001     0.001     0.001
       706     0.001     0.001     0.001     0.001     0.001     0.001     0.001
       708     0.001     0.001     0.001     0.001     0.001     0.001     0.001
       710     0.001     0.001     0.001     0.001     0.001     0.001     0.001
       712     1.000     0.001     1.000     1.000     0.001     1.000     0.667
       714     1.000     1.000     1.000     1.000     1.000     1.000     1.000
       716     1.000     1.000     1.000     1.000     1.000     1.000     1.000
       718     1.000     1.000     1.000     1.000     1.000     1.000     1.000
       720     1.000     1.000     1.000     1.000     1.000     1.000     1.000
       722     1.000     1.000     1.000     1.000     1.000     1.000     1.000
       724     1.000     1.000     1.000     1.000     1.000     1.000     1.000
       726     1.000     1.000     1.000     1.000     1.000     1.000     1.000
       728     1.000     1.000     1.000     0.001     0.001     1.000     0.667
       730     1.000     1.000     1.000     1.000     1.000     1.000     1.000
       732     1.000     1.000     1.000     1.000     1.000     1.000     1.000
       734     1.000     1.000     1.000     1.000     1.000     1.000     1.000
       736     1.000     1.000     1.000     1.000     1.000     1.000     1.000
       738     1.000     1.000     1.000     1.000     1.000     1.000     1.000
       740     1.000     1.000     1.000     1.000     1.000     1.000     1.000
       742     1.000     1.000     1.000     1.000     1.000     1.000     1.000
       744     1.000     1.000     1.000     1.000     1.000     1.000     1.000
       746     1.000     1.000     1.000     1.000     1.000     1.000     1.000
       748     1.000     1.000     1.000     1.000     1.000     1.000     1.000
       750     1.000     1.000     1.000     1.000     1.000     1.000     1.000
       752     1.000     1.000     1.000     1.000     1.000     1.000     1.000
       754     1.000     1.000     1.000     1.000     1.000     1.000     1.000
       756     1.000     1.000     1.000     1.000     1.000     1.000     1.000
       758     1.000     1.000     1.000     1.000     1.000     1.000     1.000
       760     1.000     1.000     1.000     1.000     1.000     1.000     1.000
       762     1.000     1.000     1.000     1.000     1.000     1.000     1.000
       764     1.000     1.000     1.000     1.000     1.000     1.000     1.000
       766     1.000     1.000     1.000     1.000     1.000     1.000     1.000
       768     1.000     1.000     1.000     1.000     1.000     1.000     1.000
       770     1.000     1.000     1.000     1.000     1.000     1.000     1.000
       772     1.000     1.000     1.000     1.000     1.000     1.000     1.000
       774     1.000     1.000     1.000     1.000     1.000     1.000     1.000
       776     1.000     1.000     1.000     1.000     1.000     1.000     1.000
       778     1.000     1.000     1.000     1.000     1.000     1.000     1.000
       780     1.000     1.000     1.000     1.000     1.000     1.000     1.000
       782     1.000     1.000     1.000     1.000     1.000     1.000     1.000
       784     1.000     1.000     1.000     1.000     1.000     1.000     1.000
       786     1.000     1.000     1.000     1.000     1.000     1.000     1.000
       788     1.000     1.000     1.000     1.000     1.000     1.000     1.000
       790     1.000     1.000     1.000     1.000     1.000     1.000     1.000
       792     1.000     1.000     1.000     1.000     1.000     1.000     1.000
       794     1.000     1.000     1.000     1.000     1.000     1.000     1.000
       796     1.000     1.000     1.000     1.000     1.000     1.000     1.000
       798     1.000     1.000     1.000     1.000     1.000     1.000     1.000
       800     1.000     1.000     1.000     1.000     1.000     1.000     1.000
