Vernier Format 2
Untitled.cmbl 5/18/16 21:07 .
Latest
Wavelength	Intensity
λ	I
nm	rel

250.164311576	0.001
250.380905308	0.00117440377094
250.597489166	0.00118821681353
250.814063147	0.00105227050117
251.030627248	0.001
251.247181466	0.00116596246713
251.463725798	0.00111377986178
251.680260241	0.00118680009121
251.896784793	0.00114447551198
252.11329945	0.00116377835356
252.32980421	0.0012813072758
252.546299069	0.00124819139163
252.762784025	0.00135881379257
252.979259075	0.00135881379257
253.195724216	0.0015860796643
253.412179446	0.00142185793569
253.62862476	0.00141341663188
253.845060157	0.00141341663188
254.061485633	0.00140957967561
254.277901185	0.00132351379483
254.494306812	0.00132823620256
254.710702508	0.00132823620256
254.927088273	0.001
255.143464103	0.00101360578792
255.359829994	0.00100669926663
255.576185945	0.00125149707704
255.792531952	0.00110799491231
256.008868012	0.00112948186746
256.225194123	0.00110876230357
256.441510281	0.00114341297025
256.657816484	0.00125008035472
256.874112729	0.00113255143248
257.090399012	0.00116631664771
257.306675331	0.00120852316675
257.522941684	0.00121542968804
257.739198066	0.001
257.955444476	0.001
258.17168091	0.00101372384812
258.387907366	0.00107753538249
258.60412384	0.001
258.820330329	0.001
259.036526832	0.00111118253753
259.252713344	0.0011288325364
259.468889863	0.00113420427518
259.685056387	0.00109890427744
259.901212911	0.00127628971759
260.117359434	0.00110285929391
260.333495952	0.00107511514853
260.549622463	0.001
260.765738963	0.001
260.981845449	0.00102116164028
261.19794192	0.001
261.414028371	0.001
261.630104801	0.001
261.846171205	0.001
262.062227582	0.001
262.278273928	0.001
262.49431024	0.001
262.710336516	0.001
262.926352752	0.001
263.142358946	0.001
263.358355095	0.00102511665675
263.574341196	0.001
263.790317246	0.00107204558351
264.006283242	0.00106667384473
264.222239181	0.00111425210255
264.43818506	0.001
264.654120877	0.001
264.870046628	0.001
265.085962311	0.00112906865678
265.301867922	0.00111448822293
265.51776346	0.00104695779248
265.73364892	0.00101779692478
265.9495243	0.001
266.165389598	0.00102995712467
266.381244809	0.00112127668404
266.597089932	0.001
266.812924964	0.001
267.0287499	0.00115580929052
267.24456474	0.00115580929052
267.460369479	0.00102446732569
267.676164115	0.0011288325364
267.891948645	0.00104430143813
268.107723066	0.001
268.323487375	0.001
268.53924157	0.00103343990037
268.754985647	0.001
268.970719603	0.001
269.186443436	0.001
269.402157142	0.001
269.617860719	0.001
269.833554164	0.001
270.049237474	0.001
270.264910646	0.001
270.480573677	0.001
270.696226565	0.001
270.911869305	0.001
271.127501897	0.001
271.343124336	0.001
271.558736619	0.001
271.774338744	0.001
271.989930708	0.001
272.205512509	0.001
272.421084142	0.001
272.636645605	0.001
272.852196896	0.001
273.067738011	0.001
273.283268947	0.001
273.498789702	0.001
273.714300273	0.001
273.929800657	0.001
274.14529085	0.001
274.360770851	0.001
274.576240655	0.001
274.791700261	0.001
275.007149665	0.001
275.222588865	0.001
275.438017857	0.001
275.653436638	0.001
275.868845207	0.001
276.084243559	0.001
276.299631692	0.001
276.515009603	0.001
276.730377289	0.0010670870554
276.945734747	0.0011424094586
277.161081975	0.00106862183791
277.376418969	0.00106862183791
277.591745727	0.00112168989471
277.807062245	0.00113780511107
278.022368521	0.00112168989471
278.237664552	0.00115173621386
278.452950335	0.00115173621386
278.668225867	0.00106643772434
278.883491144	0.001
279.098746166	0.001
279.313990927	0.001
279.529225426	0.001
279.74444966	0.001
279.959663625	0.001
280.174867319	0.001
280.390060739	0.001
280.605243881	0.001
280.820416744	0.001
281.035579324	0.001
281.250731618	0.001
281.465873624	0.001
281.681005338	0.001
281.896126758	0.001
282.11123788	0.001
282.326338702	0.001
282.541429221	0.001
282.756509434	0.001
282.971579338	0.001
283.18663893	0.001
283.401688208	0.001
283.616727168	0.001
283.831755807	0.001
284.046774123	0.001
284.261782113	0.001
284.476779773	0.001
284.691767101	0.001
284.906744095	0.001
285.12171075	0.001
285.336667065	0.001
285.551613036	0.001
285.76654866	0.001
285.981473935	0.001
286.196388857	0.001
286.411293424	0.001
286.626187633	0.001
286.841071481	0.001
287.055944965	0.001
287.270808082	0.001
287.485660829	0.001
287.700503204	0.001
287.915335203	0.001
288.130156823	0.001
288.344968063	0.001
288.559768918	0.001
288.774559385	0.001
288.989339463	0.001
289.204109148	0.001
289.418868437	0.001
289.633617327	0.001
289.848355815	0.001
290.063083899	0.001
290.277801575	0.001
290.492508841	0.001
290.707205694	0.001
290.921892131	0.001
291.136568149	0.001
291.351233744	0.001
291.565888915	0.001
291.780533658	0.001
291.995167971	0.001
292.20979185	0.001
292.424405292	0.001
292.639008296	0.001
292.853600857	0.001
293.068182973	0.001
293.28275464	0.001
293.497315857	0.001
293.71186662	0.001
293.926406927	0.001
294.140936774	0.001
294.355456158	0.001
294.569965077	0.001
294.784463527	0.001
294.998951507	0.001
295.213429012	0.001
295.42789604	0.001
295.642352589	0.001
295.856798654	0.001
296.071234234	0.001
296.285659325	0.001
296.500073925	0.001
296.714478031	0.001
296.928871639	0.001
297.143254747	0.001
297.357627352	0.001
297.57198945	0.001
297.78634104	0.001
298.000682119	0.001
298.215012682	0.001
298.429332728	0.001
298.643642254	0.001
298.857941256	0.001
299.072229732	0.0010294848839
299.286507678	0.00116696597877
299.500775093	0.001
299.715031973	0.00100646314624
299.929278315	0.001
300.143514116	0.001
300.357739373	0.001
300.571954084	0.001
300.786158245	0.00120214791632
301.000351855	0.00121519356766
301.214534908	0.0012674942332
301.428707404	0.00125598336437
301.642869339	0.0014164861969
301.85702071	0.0015039688
302.071161513	0.00155089772676
302.285291748	0.00156152314414
302.499411409	0.00156919705669
302.713520495	0.00174799921915
302.927619003	0.00176334704425
303.141706929	0.0016597492248
303.355784271	0.00168288902265
303.569851026	0.0016529607637
303.783907191	0.00151547966882
303.997952763	0.00151547966882
304.211987739	0.00173967597554
304.426012116	0.00182343968255
304.640025892	0.00184569402895
304.854029063	0.00184044035035
305.068021627	0.00183813817659
305.282003581	0.0015809440459
305.495974921	0.00148106512253
305.709935646	0.00153248033663
305.923885751	0.00158247882841
306.137825234	0.00157173535084
306.351754093	0.00145432448879
306.565672324	0.00153413317934
306.779579924	0.00154959906463
306.993476891	0.00153578602204
307.207363222	0.00134688971307
307.421238913	0.00120864122694
307.635103962	0.00123089557334
307.848958366	0.00125149707704
308.062802122	0.00113255143248
308.276635227	0.00113255143248
308.490457678	0.00119636296686
308.704269473	0.00105362819339
308.918070608	0.001
309.13186108	0.001
309.345640888	0.00101437317918
309.559410027	0.00106437167096
309.773168494	0.0011665527681
309.986916288	0.0011665527681
310.200653405	0.00107369842622
310.414379842	0.00121796798219
310.628095596	0.00106820862724
310.841800665	0.00101821013546
311.055495045	0.001
311.269178733	0.0010688579583
311.482851727	0.00106962534955
311.696514024	0.00106962534955
311.910165621	0.00106962534955
312.123806515	0.00100965077146
312.337436703	0.001
312.551056182	0.00129051597086
312.764664949	0.0013035616222
312.978263002	0.00127747031952
313.191850337	0.00117835878741
313.405426951	0.00118219574368
313.618992843	0.00121070728032
313.832548008	0.00113922183339
314.046092444	0.00108922334161
314.259626148	0.00105238856136
314.473149117	0.00120521748134
314.686661348	0.00122044724625
314.900162839	0.00105315595262
315.113653586	0.00113001313833
315.327133586	0.00129128336211
315.540602838	0.00133886161994
315.754061336	0.00120905443761
315.96750908	0.00110840812299
316.180946065	0.00139476312137
316.39437229	0.00157445073528
316.60778775	0.00157445073528
316.821192444	0.00161742464557
317.034586368	0.00140178770286
317.24796952	0.00142569489197
317.461341896	0.00138797466027
317.674703493	0.00138797466027
317.88805431	0.00152699053765
318.101394342	0.00155001227531
318.314723587	0.00164835641617
318.528042042	0.00165538099766
318.741349704	0.00179427881485
318.954646571	0.00164144989487
319.167932639	0.00161535859219
319.381207905	0.00158838183807
319.594472367	0.00161293835823
319.807726021	0.00145166813445
320.020968865	0.00132646529966
320.234200896	0.00132646529966
320.447422111	0.00132658335985
320.660632507	0.00112322467722
320.873832081	0.001
321.087020831	0.001
321.300198752	0.001
321.513365844	0.001
321.726522101	0.001
321.939667523	0.001
322.152802105	0.001
322.365925845	0.001
322.57903874	0.001
322.792140787	0.001
323.005231983	0.001
323.218312326	0.001
323.431381812	0.001
323.644440438	0.001
323.857488202	0.001
324.070525101	0.001
324.283551131	0.001
324.49656629	0.001
324.709570575	0.001
324.922563984	0.001
325.135546512	0.001
325.348518158	0.001
325.561478918	0.001
325.77442879	0.001
325.98736777	0.001
326.200295856	0.001
326.413213045	0.001
326.626119334	0.001
326.83901472	0.001
327.0518992	0.001
327.264772771	0.001
327.47763543	0.00104890578566
327.690487175	0.00104890578566
327.903328002	0.00104890578566
328.116157909	0.001
328.328976893	0.001
328.54178495	0.001
328.754582078	0.001
328.967368275	0.001
329.180143536	0.001
329.39290786	0.001
329.605661243	0.001
329.818403683	0.001
330.031135176	0.001
330.243855719	0.001
330.456565311	0.001
330.669263947	0.001
330.881951625	0.001
331.094628343	0.001
331.307294096	0.001
331.519948883	0.001
331.7325927	0.00100581381518
331.945225544	0.001
332.157847413	0.001
332.370458304	0.00102806816158
332.583058214	0.00103957903041
332.795647139	0.00101272033648
333.008225077	0.00101272033648
333.220792026	0.0011356209975
333.433347981	0.00125238252848
333.645892941	0.00125226446829
333.858426902	0.00125226446829
334.070949862	0.00141264924063
334.283461817	0.00142876445699
334.495962765	0.00141418402314
334.708452703	0.00141418402314
334.920931628	0.00138195359042
335.133399536	0.00133042031613
335.345856426	0.00134423335872
335.558302294	0.00134423335872
335.770737137	0.00155384923158
335.983160952	0.00165361009476
336.195573737	0.00151996595616
336.407975489	0.00151996595616
336.620366205	0.00156075575288
336.832745881	0.00146099488971
337.045114515	0.00135113988002
337.257472104	0.0013635362003
337.469818645	0.0013635362003
337.682154135	0.00129984272611
337.894478572	0.0011562225012
338.106791952	0.00116171230018
338.319094273	0.00132528469773
338.531385531	0.00128691513497
338.743665724	0.00129075209124
338.955934849	0.00119777968917
339.168192903	0.00119777968917
339.380439883	0.00111708554718
339.592675786	0.00111708554718
339.804900609	0.001
340.017114349	0.00107116013206
340.229317004	0.001
340.441508571	0.001
340.653689046	0.001
340.865858427	0.001
341.07801671	0.001
341.290163894	0.001
341.502299975	0.001
341.714424949	0.001
341.926538815	0.001
342.13864157	0.001
342.35073321	0.001
342.562813732	0.00108166748925
342.774883134	0.00108473705427
342.986941413	0.001
343.198988566	0.001
343.41102459	0.001
343.623049482	0.001
343.835063239	0.001
344.047065858	0.001
344.259057337	0.001
344.471037672	0.001
344.68300686	0.001
344.8949649	0.001
345.106911787	0.00110161966189
345.318847519	0.00104406531775
345.530772093	0.00104406531775
345.742685506	0.00104406531775
345.954587755	0.00103178705766
346.166478838	0.00110787685212
346.378358751	0.00112948186746
346.590227492	0.00115415644782
346.802085057	0.00115415644782
347.013931444	0.001
347.225766649	0.001
347.437590671	0.001
347.649403505	0.00102039424903
347.86120515	0.00110020293957
348.072995602	0.00113089858978
348.284774858	0.0011254087908
348.496542916	0.0011254087908
348.708299772	0.00116147617979
348.920045424	0.001
349.131779868	0.001
349.343503102	0.001
349.555215124	0.001
349.766915929	0.001
349.978605515	0.001
350.19028388	0.00103420729162
350.40195102	0.00104111381292
350.613606932	0.001
350.825251614	0.00100185879871
351.036885063	0.00107476096795
351.248507275	0.00117770945634
351.460118248	0.00117770945634
351.67171798	0.00117770945634
351.883306466	0.00127528620595
352.094883704	0.00107039274081
352.306449692	0.00109341447847
352.518004426	0.00107818471355
352.729547903	0.00108355645234
352.941080121	0.00133691362675
353.152601077	0.00130084623776
353.364110767	0.0013086382105
353.575609189	0.00137233168468
353.787096341	0.00134854255577
353.998572218	0.00116808755061
354.210036819	0.00127870995155
354.421490139	0.00128561647284
354.632932178	0.00114353103044
354.84436293	0.00109123036489
355.055782394	0.00114736798672
355.267190567	0.00127628971759
355.478587446	0.00124559406738
355.689973028	0.00114264557899
355.901347309	0.00115657668178
356.112710288	0.00120273821728
356.324061961	0.00110516146768
356.535402325	0.00106974340975
356.746731378	0.001
356.958049116	0.001
357.169355536	0.001
357.380650637	0.001
357.591934414	0.001
357.803206865	0.001
358.014467987	0.001
358.225717777	0.001
358.436956233	0.001
358.648183351	0.001
358.859399128	0.001
359.070603561	0.001
359.281796649	0.001
359.492978387	0.001
359.704148773	0.001
359.915307804	0.001
360.126455476	0.001
360.337591788	0.001
360.548716737	0.001
360.759830318	0.001
360.97093253	0.001
361.18202337	0.001
361.393102834	0.001
361.60417092	0.00102139776067
361.815227625	0.00102139776067
362.026272946	0.001
362.237306879	0.001
362.448329423	0.001
362.659340575	0.001
362.87034033	0.001
363.081328687	0.00107104207187
363.292305643	0.00107104207187
363.503271194	0.00109878621725
363.714225338	0.00130072817756
363.925168072	0.00151329555525
364.136099393	0.00155319990052
364.347019298	0.00154629337923
364.557927784	0.00154936294425
364.768824848	0.00142646228322
364.979710488	0.00129754055235
365.190584701	0.00127747031952
365.401447482	0.00127747031952
365.612298831	0.00130970075224
365.823138743	0.00123526380048
366.033967217	0.00138643987776
366.244784248	0.00142722967448
366.455589834	0.00149180860011
366.666383973	0.00149257599136
366.877166661	0.00149334338262
367.087937895	0.00159245491473
367.298697673	0.00142044121337
367.509445991	0.00131365576871
367.720182847	0.00155626946554
367.930908238	0.00155396729178
368.141622161	0.00156471076935
368.352324612	0.00125314991974
368.56301559	0.00122782600832
368.773695091	0.00122782600832
368.984363113	0.00132298252396
369.195019652	0.00132298252396
369.405664705	0.00132298252396
369.61629827	0.00132835426275
369.826920344	0.00145509188005
370.037530923	0.00146046361884
370.248130006	0.00139511730195
370.458717589	0.00130993687262
370.669293668	0.00126914707591
370.879858242	0.00120456815028
371.090411307	0.00130061011737
371.300952861	0.001365189043
371.5114829	0.00145497381986
371.722001422	0.00144116077726
371.932508424	0.00146813753139
372.143003903	0.00123024624228
372.353487855	0.00137758536328
372.563960279	0.0011749940719
372.77442117	0.00118113320194
372.984870527	0.00111118253753
373.195308346	0.00111118253753
373.405734625	0.0010482564546
373.616149361	0.00108904625132
373.82655255	0.00110439407642
374.036944189	0.0011390447431
374.247324277	0.0010123071258
374.45769281	0.001
374.668049784	0.001
374.878395198	0.001
375.088729048	0.001
375.299051332	0.00103928387993
375.509362046	0.00102163388106
375.719661188	0.001
375.929948754	0.001
376.140224742	0.001
376.350489149	0.001
376.560741972	0.001
376.770983208	0.001
376.981212854	0.001
377.191430908	0.001
377.401637366	0.001
377.611832225	0.001
377.822015484	0.001
378.032187137	0.001
378.242347184	0.001
378.452495621	0.001
378.662632444	0.001
378.872757652	0.001
379.082871241	0.001
379.292973208	0.001
379.503063551	0.001
379.713142266	0.001
379.923209351	0.001
380.133264802	0.001
380.343308618	0.001
380.553340794	0.001
380.763361328	0.001
380.973370218	0.001
381.183367459	0.001
381.393353051	0.001
381.603326988	0.001
381.813289269	0.001
382.023239891	0.001
382.23317885	0.00101655729275
382.443106145	0.00111259925985
382.653021771	0.001
382.862925726	0.001
383.072818008	0.00105185729049
383.282698613	0.00108408772321
383.492567538	0.00110415795604
383.70242478	0.00110415795604
383.912270337	0.00104111381292
384.122104206	0.00104034642166
384.331926384	0.00112411012867
384.541736867	0.00111720360738
384.751535654	0.00113343688393
384.96132274	0.00134305275679
385.171098124	0.00131223904639
385.380861802	0.00141813903961
385.590613772	0.00147120709641
385.800354029	0.00146660274888
386.010082573	0.0014405114462
386.219799399	0.00158247882841
386.429504505	0.00167545123049
386.639197888	0.00161329253881
386.848879545	0.00152799404929
387.058549473	0.00160178166999
387.268207669	0.0018105120914
387.47785413	0.00171382079325
387.687488854	0.0016033164525
387.897111838	0.00163784905898
388.106723078	0.00165242949283
388.316322571	0.00178377145766
388.525910316	0.00187827864224
388.735486308	0.00179451493523
388.945050546	0.00179451493523
389.154603025	0.00192880840489
389.364143744	0.00171535557576
389.573672699	0.00171535557576
389.783189888	0.00154180709189
389.992695307	0.0015655962208
390.202188953	0.00146341512366
390.411670825	0.00148720425258
390.621140918	0.00150408686019
390.83059923	0.00148106512253
391.040045759	0.00148720425258
391.2494805	0.00154257448314
391.458903452	0.00150792381647
391.668314611	0.00126147316335
391.877713974	0.00115161815367
392.087101539	0.00114305878967
392.296477303	0.00125816747795
392.505841262	0.0013994855291
392.715193414	0.00132888553362
392.924533757	0.00123437834904
393.133862286	0.0013703246614
393.343178999	0.0013703246614
393.552483894	0.00121979791519
393.761776967	0.00121979791519
393.971058215	0.00131583988228
394.180327637	0.0012966551009
394.389585227	0.00121979791519
394.598830985	0.00131583988228
394.808064906	0.00131430509977
395.017286989	0.00136572031387
395.226497229	0.00132121162107
395.435695625	0.00134576814123
395.644882173	0.00146087682951
395.85405687	0.00151471227757
396.063219714	0.00156240859558
396.272370701	0.00166996143151
396.48150983	0.00179286209253
396.690637096	0.00172226209705
396.899752496	0.00166547514417
397.108856029	0.00159936143603
397.317947691	0.00165703384036
397.527027479	0.00162096645137
397.736095391	0.00174156493863
397.945151422	0.00193660037764
398.154195572	0.00193660037764
398.363227836	0.00197266776663
398.572248211	0.00197266776663
398.781256696	0.00206794234247
398.990253286	0.00202650321469
399.19923798	0.00188902211982
399.408210773	0.00164180407545
399.617171664	0.00175384319871
399.826120649	0.00165473166659
400.035057726	0.00154729689087
400.243982891	0.00157031862852
400.452896142	0.00153413317934
400.661797475	0.00146430057511
400.870686888	0.00140981579599
401.079564378	0.00136070275566
401.288429943	0.00133461145298
401.497283578	0.00140149255238
401.706125282	0.00152811210949
401.914955051	0.00151660124066
402.123772882	0.00140149255238
402.332578773	0.00161405993007
402.541372721	0.00168017363821
402.750154722	0.00154806428212
402.958924775	0.00155278668985
403.167682875	0.00145751211401
403.37642902	0.00140367666595
403.585163208	0.00141070124744
403.793885434	0.00151978886587
404.002595697	0.00168094102946
404.211293994	0.00181918951559
404.419980321	0.00189899820613
404.628654676	0.00178300406641
404.837317055	0.00194887863772
405.045967457	0.0021737242755
405.254605877	0.00228346122499
405.463232314	0.00230494818013
405.671846764	0.00251214381904
405.880449224	0.00262034598602
406.089039691	0.00265180902748
406.297618163	0.00257737207573
406.506184636	0.00268480685146
406.714739109	0.00241391773837
406.923281577	0.00241775469465
407.131812037	0.00244461338858
407.340330488	0.00260039381339
407.548836926	0.00285221620528
407.757331348	0.00285144881403
407.965813752	0.00284442423254
408.174284134	0.0027422431354
408.382742491	0.00256113879918
408.591188821	0.00259413662315
408.799623121	0.00261869314332
409.008045388	0.00287281770898
409.216455618	0.00269543226884
409.42485381	0.00262559966461
409.633239959	0.00244744683322
409.841614064	0.00251881421995
410.049976121	0.00240600770543
410.258326128	0.00234998814381
410.466664081	0.00222183380419
410.674989978	0.00235996423012
410.883303816	0.00246509683208
411.091605591	0.00245665552828
411.299895301	0.00241675118301
411.508172944	0.00253428010525
411.716438515	0.00238221857652
411.924692013	0.00241905335677
412.132933434	0.00255193010412
412.341162776	0.00260960250845
412.549380035	0.00280924229499
412.757585208	0.00296118576352
412.965778294	0.00295658141599
413.173959288	0.00302180967268
413.382128189	0.00288521402926
413.590284992	0.00298662773514
413.798429696	0.00294288643359
414.006562297	0.00322310230193
414.214682792	0.00329370229741
414.422791179	0.00312629294358
414.630887454	0.003187684244
414.838971615	0.003298955976
415.047043659	0.00325137771818
415.255103582	0.00323372771931
415.463151383	0.00315008207249
415.671187057	0.00347929292098
415.879210603	0.00363046899825
416.087222017	0.00374416096421
416.295221297	0.0036605153174
416.503208439	0.0038385500886
416.711183441	0.00387922182513
416.919146299	0.00395596095065
417.127097011	0.00379173922203
417.335035574	0.00379711096082
417.542961985	0.0036827696638
417.750876241	0.00378253052697
417.95877834	0.00377255444065
418.166668277	0.00373495226915
418.374546052	0.00369428053262
418.582411659	0.00366281749116
418.790265097	0.00382792467122
418.998106363	0.00396605509716
419.205935454	0.00382715727997
419.413752367	0.0037872529347
419.621557098	0.0038402029313
419.829349646	0.00401133118121
420.037130007	0.00378648554344
420.244898179	0.00350857184887
420.452654158	0.00345869141728
420.660397941	0.00345331967849
420.868129526	0.00343490228837
421.07584891	0.00355154575916
421.283556089	0.00333437403394
421.491251062	0.00335125664155
421.698933824	0.00334741968527
421.906604374	0.00325072838712
422.114262708	0.00309571535357
422.321908823	0.00333821099021
422.529542717	0.00346483054732
422.737164387	0.00348324793744
422.944773829	0.00330751534
423.15237104	0.0036244479284
423.359956019	0.0033058624973
423.567528762	0.00338029944905
423.775089265	0.00339794944792
423.982637527	0.00353991683014
424.190173544	0.00372485812264
424.397697314	0.00379162116184
424.605208833	0.00401581746855
424.812708098	0.00415471528574
425.020195107	0.00427212614779
425.227669857	0.00414934354696
425.435132345	0.00410099789788
425.642582568	0.00427212614779
425.850020523	0.00454685221715
426.057446207	0.00471030655451
426.264859617	0.00487069132684
426.472260751	0.0050187978391
426.679649606	0.00496815001625
426.887026177	0.00503951740299
427.094390464	0.00492901306224
427.301742463	0.005078654357
427.50908217	0.00476555872488
427.716409583	0.00494601373005
427.9237247	0.0050718658959
428.131027516	0.00531205935878
428.33831803	0.00523685501577
428.545596239	0.00514093110887
428.752862138	0.00502198546431
428.960115727	0.00505421589703
429.167357001	0.00500740503046
429.374585958	0.00489690068971
429.581802595	0.00514476806514
429.789006909	0.00526678327472
429.996198897	0.00526141153593
430.203378557	0.00511867676247
430.410545884	0.00492913112243
430.617700878	0.00505114633201
430.824843533	0.00523378545075
431.031973849	0.00531743109756
431.239091821	0.00523838979828
431.446197446	0.0055445789091
431.653290723	0.00570573107269
431.860371648	0.00582314193474
432.067440218	0.00582928106478
432.274496431	0.00580395715336
432.481540282	0.00596894627323
432.68857177	0.00590755497281
432.895590892	0.00582083976097
433.102597644	0.00588299845264
433.309592024	0.00600117670594
433.516574029	0.00619993104104
433.723543656	0.00608482235276
433.930500902	0.00612549408929
434.137445764	0.00615542234824
434.34437824	0.00630429625175
434.551298326	0.00622602234372
434.758206019	0.00636568755216
434.965101317	0.00631657451183
435.171984216	0.00610400713414
435.378854715	0.00588990497394
435.585712809	0.00602573322611
435.792558496	0.00588146367013
435.999391773	0.0058906723652
436.206212638	0.0063856397248
436.413021087	0.0064370549389
436.619817117	0.00651532884693
436.826600726	0.00628204190535
437.03337191	0.00631964407685
437.240130667	0.00653988536709
437.446876994	0.00672636144211
437.653610887	0.00654755927965
437.860332345	0.00631120277305
438.067041364	0.00671868752956
438.273737941	0.00661355492759
438.480422073	0.00655216362718
438.687093758	0.00635264190083
438.893752992	0.00653067667203
439.100399773	0.00665652883788
439.307034098	0.00670410709571
439.513655963	0.00675628970106
439.720265367	0.00691974403842
439.926862305	0.00677854404746
440.133446776	0.00669950274818
440.340018775	0.00688521143193
440.546578301	0.00656367449601
440.753125351	0.00661585710136
440.959659921	0.00662353101391
441.166182009	0.00665729622914
441.372691611	0.0067624288311
441.579188726	0.00668262014056
441.785673349	0.00692127882093
441.992145478	0.00709240707084
442.198605111	0.00725048966941
442.405052243	0.00715840271878
442.611486873	0.00702027229285
442.817908998	0.00697960055632
443.024318614	0.00732185705614
443.230715719	0.00747073095965
443.437100309	0.00724511793062
443.643472383	0.00723053749677
443.849831936	0.00740857226798
444.056178966	0.00741471139802
444.262513471	0.00755591138898
444.468835447	0.0076618113822
444.675144891	0.0075451679114
444.881441801	0.00745538313455
445.087726173	0.00739322444288
445.293998005	0.00745922009082
445.500257294	0.00749989182735
445.706504037	0.00759965269052
445.91273823	0.00768099616357
446.118959872	0.00733567009874
446.325168959	0.00760579182057
446.531365488	0.00769327442366
446.737549457	0.00760809399433
446.943720862	0.00777154833169
447.149879701	0.00787975049867
447.35602597	0.00776847876667
447.562159668	0.0076549048609
447.76828079	0.00773394616018
447.974389334	0.00795725701545
448.180485297	0.0078690070211
448.386568677	0.00782296354579
448.59263947	0.00782066137202
448.798697673	0.00798104614436
449.004743284	0.00816982439314
449.210776299	0.00816138308933
449.416796716	0.00817366134941
449.622804532	0.00819821786958
449.828799744	0.00823812221485
450.034782349	0.00804627440105
450.240752344	0.00802632222841
450.446709726	0.00821893743347
450.652654493	0.00801788092461
450.858586641	0.00816982439314
451.064506167	0.00825577221372
451.27041307	0.00825040047493
451.476307345	0.00834478959932
451.682188989	0.00839083307463
451.888058001	0.00835783525066
452.093914377	0.00832867438296
452.299758114	0.00823965699736
452.505589209	0.0080677613562
452.71140766	0.00817749830569
452.917213463	0.00828032873389
453.123006616	0.00804550700979
453.328787115	0.00796109397172
453.534554958	0.00779917441688
453.740310142	0.00790047006256
453.946052664	0.00796109397172
454.151782521	0.00782142876328
454.35749971	0.00801864831586
454.563204228	0.00816905700188
454.768896073	0.00811073526649
454.974575241	0.0080539483136
455.18024173	0.00782833528457
455.385895537	0.00780377876441
455.591536658	0.00768943746738
455.797165092	0.00774929398529
456.002780834	0.00750219400111
456.208383882	0.00764032442705
456.413974234	0.00794344397285
456.619551885	0.00805548309611
456.825116835	0.00824195917113
457.030669078	0.00850517437166
457.236208614	0.00853126567434
457.441735438	0.00875534392085
457.647249548	0.00875380913834
457.85275094	0.0090937634644
458.058239613	0.00937923301133
458.263715563	0.00949664387338
458.469178787	0.00984657428575
458.674629282	0.00986268950211
458.880067046	0.00967160907956
459.085492076	0.00961942647421
459.290904368	0.00967391125333
459.496303919	0.00981127428801
459.701690728	0.0099056634124
459.90706479	0.010171948178
460.112426104	0.0102970329525
460.317774666	0.01065617206
460.523110472	0.0105694568481
460.728433522	0.0106108959759
460.93374381	0.010547969893
461.139041336	0.0107214003167
461.344326094	0.0106316155398
461.549598084	0.0106577068425
461.754857301	0.01066231119
461.960103744	0.0108081155285
462.165337408	0.0108058133547
462.370558292	0.0105993851071
462.575766392	0.0103131481689
462.780961705	0.0101642742654
462.986144229	0.0101988068719
463.19131396	0.0102847546925
463.396470896	0.0103845155556
463.601615034	0.0104574177249
463.80674637	0.0107590024882
464.011864903	0.0109055742179
464.216970628	0.0109071090004
464.422063544	0.0108963655229
464.627143647	0.0110544481214
464.832210935	0.0111189089869
465.037265404	0.0110575176864
465.242307051	0.0110521459477
465.447335874	0.0109731046484
465.65235187	0.0111181415956
465.857355036	0.0110805394241
466.062345369	0.0111442328983
466.267322866	0.0111120024656
466.472287524	0.011104328553
466.677239341	0.0112225068063
466.882178313	0.0117044285146
467.087104437	0.0118333502455
467.292017711	0.012030569798
467.496918132	0.0122485089145
467.701805697	0.0124771915086
467.906680402	0.0125470241128
468.111542245	0.0125147936801
468.316391224	0.0124702849873
468.521227335	0.0124035219481
468.726050575	0.0125309088964
468.930860941	0.0126252980208
469.135658431	0.0126575284535
469.340443042	0.012953741478
469.545214771	0.0131854936371
469.749973614	0.0133735044946
469.954719569	0.013314415368
470.159452633	0.0135277501369
470.364172804	0.0135952805674
470.568880077	0.0137119240382
470.773574451	0.0138109175101
470.978255923	0.0139666979349
471.182924488	0.0138884240269
471.387580146	0.0140396001042
471.592222892	0.0139812783688
471.796852725	0.0142283783529
472.00146964	0.0144854544234
472.206073635	0.0147049283224
472.410664707	0.014941284829
472.615242854	0.0153449326292
472.819808072	0.0155805217446
473.024360358	0.0156442152188
473.22889971	0.015720186953
473.433426125	0.015975728241
473.637939599	0.0160678151916
473.842440131	0.0163448434348
474.046927716	0.0166456608068
474.251402352	0.016862832532
474.455864037	0.0171099325162
474.660312767	0.0172542020722
474.864748539	0.0174782803187
475.069171351	0.018005478111
475.273581199	0.0182848085279
475.477978081	0.018519630252
475.682361994	0.0186562258954
475.886732934	0.018856515013
476.0910909	0.0189125345747
476.295435888	0.0189984823952
476.499767895	0.0191465889075
476.704086918	0.0193760388928
476.908392955	0.0194688932347
477.112686002	0.0197505258253
477.316966057	0.0199999279833
477.521233116	0.0200904801514
477.725487178	0.0204641996927
477.929728238	0.0206314909863
478.133956294	0.0204841518653
478.338171343	0.0207665518472
478.542373383	0.0211932213851
478.74656241	0.0211847800813
478.950738421	0.0215255017986
479.154901414	0.0216973974398
479.359051386	0.0216482843994
479.563188333	0.0218324583007
479.767312253	0.0219997495943
479.971423143	0.0222338039272
480.175521	0.0225453647768
480.379605821	0.0227755821533
480.583677603	0.0229091082317
480.787736344	0.023171556041
480.99178204	0.02339716907
481.195814689	0.0234539560229
481.399834288	0.0238614407794
481.603840833	0.0241223538062
481.807834322	0.0243310842276
482.011814752	0.024458471176
482.21578212	0.0245873929069
482.419736423	0.0250462928775
482.623677658	0.0251721450433
482.827605823	0.0251813537384
483.031520915	0.0254453363302
483.235422929	0.0256026515375
483.439311865	0.0258213580452
483.643187718	0.0260354602054
483.847050486	0.0262342145405
484.050900167	0.0266616514697
484.254736756	0.0268373840671
484.458560251	0.0269348427565
484.66237065	0.0271972905658
484.866167949	0.0275963340185
485.069952146	0.0279992144275
485.273723237	0.0278940818255
485.47748122	0.0282363383253
485.681226091	0.0283836774463
485.884957849	0.0284987861346
486.088676489	0.0285448296099
486.29238201	0.0284972513521
486.496074408	0.0288640643721
486.69975368	0.0288832491535
486.903419823	0.0287596991614
487.107072836	0.0289883817554
487.310712713	0.0291318839201
487.514339454	0.0295577860668
487.717953054	0.0298071882247
487.921553511	0.0299675729971
488.125140822	0.0301371664645
488.328714984	0.0301732338535
488.532275995	0.0303950099262
488.735823851	0.0305860903488
488.939358549	0.0305676729586
489.142880087	0.0306305990416
489.346388461	0.0305262338308
489.549883669	0.0307211512097
489.753365708	0.0308170751166
489.956834575	0.0309222077185
490.160290267	0.0310158294517
490.363732781	0.0311240316186
490.567162114	0.0314586142059
490.770578264	0.0313105076937
490.973981227	0.031543027244
491.177371001	0.0318676337449
491.380747582	0.032063318515
491.584110968	0.0322029837235
491.787461156	0.0319766033032
491.990798143	0.0320518076462
492.194121926	0.0322605380676
492.397432502	0.0323173250205
492.600729869	0.0323319054543
492.804014022	0.0322344467649
493.007284961	0.0322697467627
493.21054268	0.0324546880552
493.413787179	0.0321438945968
493.617018453	0.0322582358938
493.8202365	0.0323081163254
494.023441317	0.0323434163232
494.226632902	0.0322666771976
494.42981125	0.0324807793578
494.63297636	0.03279387499
494.836128228	0.0331576184449
495.039266851	0.0334791553809
495.242392227	0.0334522966869
495.445504353	0.0336548879783
495.648603226	0.0334269727755
495.851688842	0.0334668771208
496.0547612	0.0336472140657
496.257820295	0.0337876466654
496.460866126	0.0338996857887
496.663898689	0.0338958488324
496.866917982	0.0339434270902
497.069924001	0.0344153727122
497.272916744	0.0346448226975
497.475896207	0.0346939357378
497.678862388	0.0351267444058
497.881815284	0.0351367204921
498.084754893	0.0354237248215
498.28768121	0.0355495769874
498.490594233	0.0356209443741
498.69349396	0.0354459791679
498.896380387	0.0355503443786
499.099253512	0.0355012313383
499.302113332	0.0353868900413
499.504959843	0.0357667487126
499.707793043	0.0359831530466
499.910612929	0.0362901095486
500.113419498	0.0364965377963
500.316212747	0.0365671377918
500.518992673	0.0364934682313
500.721759274	0.0364405182347
500.924512546	0.0366124138758
501.127252487	0.0372992290492
501.329979093	0.0372140486199
501.532692362	0.0373322268732
501.735392291	0.0374481029527
501.938078877	0.0375877681612
502.140752117	0.0377166898921
502.343412008	0.0377205268483
502.546058548	0.0378494485792
502.748691733	0.0380113681341
502.95131156	0.0382945355072
503.153918027	0.0383712746327
503.35651113	0.0384817789735
503.559090867	0.0385769354891
503.761657236	0.0385922833142
503.964210232	0.0384579898446
504.166749853	0.0386743941785
504.369276097	0.038817128952
504.571788959	0.0389360745966
504.774288438	0.0390442767636
504.976774531	0.0393412571793
505.179247234	0.0395446158619
505.381706545	0.0393228397892
505.584152461	0.0393496984831
505.786584978	0.0392461006637
505.989004095	0.0394195310873
506.191409808	0.0396205875962
506.393802114	0.0398684549716
506.59618101	0.0401355071284
506.798546493	0.0401869223425
507.000898562	0.0403849092864
507.203237211	0.0406465897044
507.40556244	0.0408261592581
507.607874244	0.0407701396965
507.810172621	0.0410886070674
508.012457569	0.0410318201145
508.214729083	0.0411922048869
508.416987162	0.0413472179204
508.619231802	0.0415398331255
508.821463	0.0418291396287
509.023680754	0.0419879896185
509.22588506	0.0420639613528
509.428075917	0.0421568156946
509.63025332	0.0421176787406
509.832417267	0.04239854394
510.034567755	0.0428689547795
510.236704781	0.04294876347
510.438828343	0.0430608025933
510.640938436	0.0430769178096
510.84303506	0.0432580221458
511.04511821	0.0435672808217
511.247187883	0.0437844525469
511.449244077	0.0437130851602
511.651286789	0.0438811438451
511.853316016	0.0442886286016
512.055331756	0.0445011959793
512.257334004	0.0449178894308
512.459322759	0.0453307459261
512.661298017	0.0454865263509
512.863259775	0.0456637937309
513.065208031	0.0457689263329
513.267142782	0.0458771284998
513.469064024	0.0460643719661
513.670971755	0.0463252849929
513.872865973	0.0464603458538
514.074746673	0.0467112827942
514.276613854	0.0467181893155
514.478467512	0.0471026523344
514.680307644	0.0472377131953
514.882134248	0.0475861088252
515.08394732	0.047666684907
515.285746858	0.0478631370683
515.487532859	0.0478224653318
515.68930532	0.0482176718282
515.891064238	0.0485461152854
516.09280961	0.0486481783224
516.294541433	0.0487080348403
516.496259704	0.0488929761328
516.697964421	0.0489912022134
516.89965558	0.0492674630653
517.101333179	0.049630439129
517.302997215	0.0500432956243
517.504647684	0.0506096303707
517.706284585	0.0508920303526
517.907907913	0.0511982194634
518.109517667	0.0514660390115
518.311113843	0.051660188999
518.512696438	0.0520461868004
518.714265449	0.0522173150503
518.915820875	0.0524935759022
519.11736271	0.0526892606722
519.318890954	0.0530215410857
519.520405602	0.0532195280296
519.721906652	0.053762073647
519.923394102	0.0540467758027
520.124867947	0.0541027953643
520.326328186	0.0541925801412
520.527774815	0.0544665388193
520.729207831	0.054531767076
520.930627233	0.05475431054
521.132033015	0.0548164692317
521.333425177	0.0549538322663
521.534803714	0.0550321061744
521.736168624	0.054835654013
521.937519905	0.0548371887955
522.138857552	0.0548210735792
522.340181564	0.055193258338
522.541491938	0.0554342191921
522.742788669	0.0556122539633
522.944071756	0.0556437170048
523.145341196	0.0558593539475
523.346596986	0.0558071713421
523.547839123	0.0558125430809
523.749067603	0.0560212735023
523.950282425	0.0562445843576
524.151483585	0.0563274626131
524.35267108	0.0567978734526
524.553844908	0.0569720712675
524.755005065	0.0574616668883
524.956151548	0.0575913560105
525.157284356	0.0575391734051
525.358403484	0.0575951929667
525.55950893	0.0577739951292
525.760600691	0.0578791277312
525.961678764	0.0581722711906
526.162743147	0.0582712646626
526.363793835	0.0584255103049
526.564830828	0.0582282907523
526.76585412	0.0582597537937
526.96686371	0.0582858450964
527.167859595	0.058476925519
527.368841772	0.0585283407331
527.569810238	0.0587585581096
527.77076499	0.0590486320041
527.971706025	0.0590148667888
528.17263334	0.0591046515657
528.373546932	0.0590708863505
528.574446799	0.058852947234
528.775332937	0.0590148667888
528.976205345	0.0588237863663
529.177064017	0.059331031986
529.377908953	0.0596824971809
529.578740149	0.0599710362928
529.779557601	0.0597837928266
529.980361308	0.0597423536988
530.181151266	0.0597983732604
530.381927473	0.0601145384575
530.582689924	0.0600784710686
530.783438619	0.0604092166995
530.984173553	0.0605304645179
531.184894724	0.0607568449381
531.385602129	0.0609563666645
531.586295764	0.0610814514391
531.786975628	0.0613868731587
531.987641717	0.0611604927384
532.188294028	0.0612426036027
532.388932559	0.0611911883886
532.589557306	0.0614904709781
532.790168266	0.061769801395
532.990765438	0.0618380992167
533.191348817	0.0619401622537
533.391918401	0.0617843818289
533.592474187	0.0616454840117
533.793016172	0.0615541644523
533.993544353	0.0617053405296
534.194058728	0.0620882687659
534.394559293	0.0624213165707
534.595046045	0.0622993013611
534.795518982	0.0626991122051
534.995978101	0.0626016535156
535.196423398	0.0627190643777
535.396854872	0.0626515339472
535.597272518	0.0627505274192
535.797676335	0.0628617991512
535.998066319	0.0627144600302
536.198442467	0.0629868839258
536.398804776	0.0630674600076
536.599153244	0.0630973882665
536.799487868	0.0629792100132
536.999808644	0.0628288013272
537.200115571	0.0629040056702
537.400408644	0.0628004078507
537.600687861	0.0628786817588
537.800953219	0.0629362361029
538.001204716	0.0631626165232
538.201442348	0.0634120186811
538.401666112	0.0632347513012
538.601876006	0.0631626165232
538.802072026	0.0632662143426
539.002254171	0.0631088991353
539.202422436	0.0632278447799
539.402576819	0.0632140317373
539.602717317	0.0631580121757
539.802843927	0.0631342230468
540.002956646	0.0630137426197
540.203055472	0.0630759013114
540.403140402	0.062870240455
540.603211432	0.0630912491365
540.803268559	0.0632286121711
541.003311781	0.0633813230309
541.203341096	0.0634511556352
541.403356499	0.0635493817158
541.603357988	0.0634918273717
541.80334556	0.0635616599759
542.003319213	0.0636268882326
542.203278943	0.0635202208481
542.403224747	0.0636660251866
542.603156624	0.063643003449
542.803074568	0.0634879904154
543.002978579	0.0634396447663
543.202868652	0.0635631947584
543.402744786	0.0636905817068
543.602606976	0.0637442990946
543.802455221	0.0637028599669
544.002289517	0.0636621882303
544.202109862	0.063682140403
544.401916251	0.0636184469288
544.601708684	0.0638064577863
544.801487156	0.0637089990969
545.001251665	0.0637220447482
545.201002208	0.0637151382269
545.400738782	0.0638440599578
545.600461384	0.0638617099567
545.800170012	0.0639775860362
545.999864661	0.0636591186653
546.19954533	0.0637458338771
546.399212016	0.0638663143042
546.598864715	0.0637795990924
546.798503425	0.0639062186495
546.998128143	0.0640865555945
547.197738865	0.0656574054938
547.39733559	0.0656873337528
547.596918314	0.0654931837652
547.796487034	0.0654555815937
547.996041747	0.0657525620095
548.195582451	0.0656535685376
548.395109142	0.065639755495
548.594621818	0.0659912206899
548.794120476	0.0659973598199
548.993605113	0.0659551533009
549.193075725	0.0657978380935
549.392532311	0.0658584620027
549.591974867	0.0658753446103
549.79140339	0.0658377424388
549.990817877	0.0659144815643
550.190218326	0.0663081532783
550.389604734	0.0663281054509
550.588977097	0.0661884402424
550.788335413	0.0658876228704
550.987679678	0.0660940511181
551.187009891	0.066163116331
551.386326048	0.0645984055617
551.585628146	0.0646383099069
551.784916182	0.0648117403306
551.984190153	0.0648240185907
552.183450058	0.0645899642579
552.382695891	0.0646674707746
552.581927652	0.0648439707633
552.781145336	0.0648393664158
552.980348941	0.0650250750996
553.179538464	0.065164740308
553.378713902	0.0652813837788
553.577875252	0.065206946827
553.777022512	0.0650319816209
553.976155678	0.0650841642262
554.175274747	0.0652138533483
554.374379718	0.0652621989974
554.573470585	0.0653343337754
554.772547348	0.0653581229043
554.971610003	0.0657387489669
555.170658546	0.0655752946295
555.369692976	0.0655292511542
555.568713289	0.0655668533257
555.767719482	0.0654693946363
555.966711553	0.0654486750724
556.165689498	0.0657333772281
556.364653315	0.0659198533031
556.563603	0.0659835467773
556.762538551	0.066160046766
556.961459966	0.0659528511271
557.16036724	0.0657295402718
557.359260371	0.0657379815756
557.558139357	0.0659252250419
557.757004194	0.0658776467841
557.95585488	0.0661715576348
558.154691411	0.0660925163355
558.353513784	0.0661278163333
558.552321998	0.0660449380777
558.751116048	0.0659321315632
558.949895932	0.0661132358994
559.148661647	0.0660955859006
559.347413191	0.0661846032862
559.54615056	0.0662974098007
559.744873751	0.066562927175
559.943582761	0.0667616815101
560.142277588	0.0667831684652
560.340958229	0.0666880119496
560.53962468	0.0667447989025
560.73827694	0.0669143923699
560.936915004	0.0668046554204
561.135538871	0.0670225945368
561.334148536	0.067380966253
561.532743998	0.0673709901667
561.731325253	0.0672036988731
561.929892299	0.0675183292877
562.128445132	0.067561303198
562.326983751	0.0678452379624
562.52550815	0.0678145423122
562.724018329	0.0677032705802
562.922514284	0.0679081640453
563.120996012	0.0680132966473
563.31946351	0.067892048829
563.517916775	0.067895118394
563.716355805	0.0677270597091
563.914780596	0.0678843749164
564.113191146	0.0678176118772
564.311587451	0.0677815444882
564.509969509	0.067708642319
564.708337318	0.0678767010039
564.906690873	0.0679388596956
565.105030172	0.0679465336081
565.303355213	0.0679657183895
565.501665992	0.0678997227415
565.699962506	0.0679120010016
565.898244753	0.0680662466439
566.09651273	0.0680079249085
566.294766433	0.0678521444837
566.49300586	0.0677462444905
566.691231008	0.0678107053559
566.889441874	0.0678636553525
567.087638455	0.0678007292696
567.285820749	0.0677324314479
567.483988751	0.0678153097035
567.682142461	0.067816844486
567.880281873	0.0680562705576
568.078406987	0.0679826009971
568.276517798	0.0681291727268
568.474614304	0.0683194857581
568.672696502	0.0686003509575
568.870764389	0.0684299900989
569.068817962	0.0683363683657
569.266857218	0.0684131074913
569.464882155	0.0685220770495
569.66289277	0.0686387205203
569.860889058	0.0687407835572
570.058871019	0.0687607357299
570.256838648	0.0687929661626
570.454791943	0.0688804487657
570.652730901	0.0689372357186
570.85065552	0.0688620313756
571.048565795	0.0691743596164
571.246461725	0.0691728248339
571.444343306	0.0691720574427
571.642210535	0.0693546965614
571.84006341	0.0693669748215
572.037901928	0.0692557030895
572.235726086	0.0690538791894
572.43353588	0.0690592509281
572.631331309	0.0692702835233
572.829112368	0.0692733530883
573.026879056	0.0693247683024
573.224631369	0.069633259587
573.422369305	0.0698680813111
573.62009286	0.0697944117506
573.817802031	0.0695327313326
574.015496817	0.0696816052361
574.213177213	0.069921798699
574.410843217	0.0699801204344
574.608494826	0.0699379139153
574.806132037	0.0699747486956
575.003754848	0.0703369573681
575.201363254	0.0701481791193
575.398957255	0.0703085638916
575.596536845	0.0703822334521
575.794102024	0.0703377247593
575.991652787	0.0703170051954
576.189189131	0.0704006508422
576.386711055	0.0707290942995
576.584218555	0.0710199355852
576.781711628	0.0708741312467
576.979190271	0.0708104377725
577.176654482	0.071061374713
577.374104257	0.0708725964642
577.571539594	0.0707260247344
577.768960489	0.0706385421313
577.96636694	0.0710337486278
578.163758944	0.0709815660224
578.361136498	0.0708004616862
578.558499598	0.0707682312535
578.755848243	0.07099844863
578.95318243	0.0710797921031
579.150502154	0.0709800312399
579.347807415	0.0708664573341
579.545098207	0.0710084247164
579.74237453	0.0712194573115
579.939636379	0.071293126872
580.136883752	0.0713921203439
580.334116646	0.0716062225041
580.531335058	0.0716676138046
580.728538985	0.0713744703451
580.925728425	0.0714143746904
581.122903374	0.0714358616455
581.320063829	0.0715832007665
581.517209788	0.0717006116285
581.714341248	0.0717573985814
581.911458205	0.0721587442079
582.108560658	0.0719147137887
582.305648602	0.0719262246576
582.502722035	0.0718970637899
582.699780955	0.0720551463884
582.896825358	0.0719960572618
583.093855241	0.0720175442169
583.290870602	0.0720106376956
583.487871438	0.0725562528781
583.684857745	0.0723835898457
583.881829521	0.0724066115833
584.078786763	0.0724948615777
584.275729468	0.0727104985204
584.472657633	0.0725946224408
584.669571256	0.0724311681035
584.866470332	0.0725685311382
585.06335486	0.0728033528623
585.260224837	0.0727557746044
585.457080259	0.0725363007055
585.653921124	0.0725178833153
585.850747429	0.0724764441875
586.047559171	0.0724557246237
586.244356347	0.0726844072177
586.441138954	0.0727903072109
586.637906989	0.0728639767714
586.834660449	0.0726775006964
587.031399332	0.0727642159082
587.228123635	0.0726030637447
587.424833354	0.072760378952
587.621528487	0.0725462767918
587.818209031	0.0726859420002
588.014874982	0.0724810485351
588.211526339	0.0724518876674
588.408163098	0.0725370680967
588.604785256	0.0725792746157
588.801392811	0.0726237833085
588.997985759	0.072619178961
589.194564098	0.0727312180843
589.391127824	0.072805655036
589.587676935	0.072724311563
589.784211428	0.07264910722
589.9807313	0.0726498746112
590.177236548	0.0725332311404
590.373727169	0.0723659398468
590.570203161	0.0722278094209
590.76666452	0.072315292024
590.963111243	0.0724741420138
591.159543328	0.0723736137593
591.355960772	0.0725915528758
591.552363571	0.072363637673
591.748751724	0.0723306398491
591.945125226	0.0722270420296
592.141484076	0.0724173550609
592.337828269	0.0722938050688
592.534157804	0.0721648833379
592.730472678	0.0720390311721
592.926772887	0.072095818125
593.123058428	0.0721725572505
593.319329299	0.0718909246598
593.515585498	0.0718410442282
593.71182702	0.0718218594469
593.908053863	0.0715709225064
594.104266024	0.071656870327
594.3004635	0.0715241116398
594.496646289	0.0715548072901
594.692814387	0.0714803703383
594.888967791	0.0713460768686
595.0851065	0.0711910638351
595.281230509	0.0712747094819
595.477339816	0.0712440138317
595.673434417	0.0711526942723
595.869514311	0.0710882334069
596.065579494	0.0711350442735
596.261629963	0.0707920203824
596.457665716	0.0707045377793
596.653686749	0.0705288051819
596.84969306	0.0707805095136
597.045684645	0.0707045377793
597.241661502	0.0705311073556
597.437623628	0.0703292834555
597.633571019	0.0703170051954
597.829503674	0.0704351834487
598.025421589	0.0706078464811
598.221324762	0.0708181116851
598.417213188	0.0708127399463
598.613086867	0.0707513486459
598.808945793	0.070775905166
599.004789966	0.0708311573364
599.200619381	0.0710176334114
599.396434036	0.0709831008049
599.592233928	0.0707996942949
599.788019054	0.0708188790763
599.983789411	0.0707214203869
600.179544997	0.0709662181973
600.375285808	0.0709194073307
600.571011841	0.0709431964597
600.766723095	0.0712110160077
600.962419564	0.0710721181905
601.158101248	0.0710368181928
601.353768142	0.0711020464495
601.549420245	0.0711074181883
601.745057552	0.0711734138362
601.940680062	0.0710882334069
602.136287771	0.0711419507948
602.331880677	0.0706953290842
602.527458776	0.0706040095249
602.723022065	0.0706607964777
602.918570543	0.0706861203892
603.114104205	0.0706270312625
603.309623049	0.070366885627
603.505127072	0.070439020405
603.700616271	0.070544153007
603.896090644	0.0708288551626
604.091550187	0.0709117334182
604.286994897	0.070766696471
604.482424772	0.0708158095113
604.677839808	0.0707973921212
604.873240003	0.0703170051954
605.068625354	0.0703622812795
605.263995858	0.0702011291159
605.459351512	0.0702870769365
605.654692313	0.0703845356259
605.850018259	0.0702655899813
606.045329345	0.0702625204163
606.240625571	0.0703806986696
606.435906931	0.0704290443187
606.631173425	0.0704643443164
606.826425048	0.0704121617111
607.021661798	0.0703430964981
607.216883672	0.070333887803
607.412090667	0.0703561421494
607.60728278	0.0700791139063
607.802460009	0.0701067399915
607.997622349	0.0697575769704
608.1927698	0.0696923487137
608.387902357	0.0695856813292
608.583020017	0.0697752269692
608.778122779	0.0697675530567
608.973210638	0.0699540291317
609.168283592	0.0698619421811
609.363341638	0.0697644834917
609.558384774	0.0694782465535
609.753412996	0.0695135465512
609.948426301	0.0694759443797
610.143424686	0.069404576993
610.33840815	0.0692073574404
610.533376688	0.0692871661309
610.728330297	0.0691336878799
610.923268976	0.0690822726658
611.118192721	0.0690392987555
611.313101529	0.0688950291995
611.507995397	0.06878529225
611.702874322	0.0688251965953
611.897738302	0.0689241900672
612.092587333	0.0690554139719
612.287421413	0.0690592509281
612.482240538	0.0688144531177
612.677044707	0.068674020518
612.871833915	0.0685121009632
613.06660816	0.0683639944509
613.26136744	0.068195935766
613.45611175	0.0683064401068
613.65084109	0.068304137933
613.845555454	0.0682611640227
614.040254841	0.0682082140261
614.234939248	0.0683540183646
614.429608671	0.0683348335832
614.624263108	0.0682189575037
614.818902556	0.0683356009745
615.013527013	0.0684576161841
615.208136474	0.0684959857468
615.402730938	0.0684560814016
615.597310401	0.0685228444408
615.79187486	0.0685036596594
615.986424313	0.0683164161931
616.180958757	0.0682458161976
616.375478188	0.06822279446
616.569982604	0.0685067292244
616.764472003	0.0684085031437
616.95894638	0.0685803987849
617.153405733	0.0688612639843
617.34785006	0.068821359639
617.542279357	0.0688029422489
617.736693622	0.0688658683318
617.931092851	0.0688704726794
618.125477042	0.0690239509304
618.319846191	0.0687192966021
618.514200297	0.0685873053062
618.708539355	0.0685259140058
618.902863364	0.0687484574698
619.09717232	0.0686479292154
619.29146622	0.0685021248769
619.485745061	0.0685589118298
619.680008841	0.0687300400797
619.874257557	0.068887355287
620.068491205	0.0687269705146
620.262709783	0.0688712400706
620.456913288	0.0687169944283
620.651101717	0.0683133466281
620.845275067	0.0684100379262
621.039433336	0.0683072074981
621.233576519	0.0680255749074
621.427704615	0.0681798205497
621.621817621	0.0681107553367
621.815915533	0.0680470618625
622.009998349	0.0680278770812
622.204066066	0.0677654292719
622.39811868	0.0676856205813
622.59215619	0.0676219271072
622.786178592	0.0676280662372
622.980185883	0.067014153233
623.17417806	0.0669427858463
623.368155121	0.0669727141053
623.562117062	0.0670149206243
623.756063881	0.0667110336872
623.949995575	0.0662076250238
624.143912141	0.0658791815666
624.337813575	0.0653335663842
624.531699876	0.0652353403035
624.725571039	0.0650918381388
624.919427063	0.0644855990472
625.113267945	0.0642246860204
625.30709368	0.0640788816819
625.500904268	0.0634872230241
625.694699704	0.0633375817294
625.888479986	0.0629293295816
626.08224511	0.0623491817927
626.275995075	0.0619746948601
626.469729876	0.0615933014063
626.663449512	0.0612717644704
626.857153979	0.0608205384123
627.050843275	0.0607261492879
627.244517396	0.0600393341145
627.438176339	0.0596049906641
627.631820103	0.0588997581006
627.825448683	0.0582781711839
628.019062077	0.0580280016347
628.212660281	0.0577732277379
628.406243294	0.0573350473312
628.599811113	0.0567518299773
628.793363733	0.056161706102
628.986901153	0.0561862626222
629.180423369	0.0555546996192
629.373930379	0.0549722496565
629.56742218	0.0547036627171
629.760898768	0.0544488888204
629.954360142	0.0538710432052
630.147806297	0.0533799128019
630.341237232	0.0531842280318
630.534652942	0.0527644650153
630.728053426	0.0522741020032
630.921438681	0.0517277194295
631.114808703	0.0513186998905
631.308163489	0.050923493394
631.501503038	0.050216726048
631.694827345	0.0495644434811
631.888136408	0.0492989261068
632.081430224	0.0488691870039
632.27470879	0.0481723957441
632.467972104	0.0476835675146
632.661220162	0.0472745479756
632.854452961	0.0469775675598
633.047670499	0.0461917589145
633.240872772	0.0457175111188
633.434059778	0.0452747263645
633.627231514	0.0446539068391
633.820387977	0.0436256025571
634.013529164	0.0431160547636
634.206655072	0.0426801765307
634.399765699	0.0418928331029
634.592861041	0.0414216548722
634.785941095	0.0407739766528
634.979005859	0.0401692723437
635.172055329	0.0393903702196
635.365089503	0.038850126776
635.558108378	0.0384994289724
635.751111951	0.0382991398548
635.94410022	0.0376606703304
636.13707318	0.0369393225505
636.33003083	0.0365901595294
636.522973165	0.0361895812942
636.715900185	0.0355280900322
636.908811885	0.0348420422501
637.101708263	0.03445681184
637.294589315	0.0341045792538
637.48745504	0.0335390118988
637.680305433	0.0330877858407
637.873140492	0.0326265836963
638.065960215	0.0322774206752
638.258764598	0.0317809185331
638.451553638	0.0313227859537
638.644327333	0.0307625903374
638.83708568	0.0304763533993
639.029828675	0.0301586534196
639.222556316	0.0298493947438
639.4152686	0.0294856512888
639.607965524	0.0292400860871
639.800647085	0.0288755752409
639.99331328	0.0285026230909
640.185964107	0.0281342752884
640.378599561	0.0278449687852
640.571219642	0.0274359492462
640.763824345	0.027191918827
640.956413668	0.0270330688372
641.148987608	0.0265511471289
641.341546161	0.0261060602009
641.534089326	0.0258182884802
641.726617099	0.0253808754647
641.919129477	0.0252504189514
642.111626457	0.0248306559348
642.304108037	0.0244776559574
642.496574213	0.0241645603252
642.689024983	0.0239496907738
642.881460344	0.0236458038367
643.073880292	0.0232713169042
643.266284826	0.0228062778035
643.458673941	0.0225054604315
643.651047636	0.0220335148096
643.843405907	0.021541617015
644.035748751	0.0213006561608
644.228076166	0.0210105822664
644.420388149	0.0206345605513
644.612684696	0.0203429518744
644.804965804	0.020182567102
644.997231472	0.0198840519037
645.189481696	0.0199201192927
645.381716472	0.0198080801695
645.573935799	0.0196584388747
645.766139674	0.0194520106271
645.958328092	0.01914812369
646.150501052	0.0187981932776
646.342658551	0.0184544019953
646.534800585	0.0182287889663
646.726927152	0.0180891237578
646.919038249	0.0177422629105
647.111133873	0.0175059064039
647.303214021	0.017442980321
647.49527869	0.0170424020857
647.687327878	0.0167415847137
647.879361581	0.0164215825603
648.071379796	0.0161545304035
648.263382522	0.0160946738856
648.455369753	0.0158460391189
648.647341489	0.0157102108667
648.839297725	0.0151653630755
649.03123846	0.0149374478727
649.22316369	0.0144770131196
649.415073411	0.0141040609696
649.606967623	0.0137763849036
649.79884632	0.0137004131694
649.990709501	0.0132077479835
650.182557163	0.0130182023435
650.374389303	0.0126836197562
650.566205917	0.0123367589089
650.758007003	0.0121241915312
650.949792558	0.0120351741456
651.14156258	0.0120558937095
651.333317064	0.0117320545998
651.525056009	0.0117128698184
651.716779412	0.0115709024362
651.908487269	0.0114557937479
652.100179577	0.0112670154991
652.291856335	0.0109991959511
652.483517538	0.0107083546653
652.675163184	0.0105725264132
652.86679327	0.0107029829265
653.058407794	0.0106085938022
653.250006751	0.0105487372843
653.44159014	0.0104558829424
653.633157958	0.0102156894795
653.824710201	0.0100345851433
654.016246867	0.0100568394897
654.207767952	0.0101320438327
654.399273454	0.0103400068628
654.590763371	0.0103231242552
654.782237698	0.0100844655749
654.973696434	0.0100530025334
655.165139575	0.00965933081948
655.356567118	0.009588730824
655.547979061	0.00936618735999
655.7393754	0.00926258954054
655.930756133	0.00938767431514
656.122121257	0.0093968830102
656.313470768	0.00918508302376
656.504804665	0.00926872867058
656.696122944	0.00905385911913
656.887425602	0.00889884608558
657.078712636	0.00875304174709
657.269984044	0.00876455261592
657.461239822	0.00863870045006
657.652479968	0.00846143307011
657.843704478	0.00825577221372
658.03491335	0.00828032873389
658.226106582	0.00819284613079
658.417284169	0.00810152657142
658.608446109	0.00798181353561
658.7995924	0.00793500266905
658.990723038	0.00763878964454
659.18183802	0.00765106790462
659.372937344	0.00755360921521
659.564021006	0.00762113964567
659.755089005	0.00778919833056
659.946141336	0.00748607878475
660.137177997	0.00720981793288
660.328198985	0.00708473315829
660.519204297	0.00689595490951
660.71019393	0.00684223752164
660.901167882	0.00670564187822
661.092126149	0.00670794405198
661.283068729	0.00634650277078
661.473995618	0.00616693321707
661.664906814	0.00607331148393
661.855802314	0.00608789191778
662.046682115	0.00606640496264
662.237546214	0.00599120061963
662.428394608	0.00573796150541
662.619227295	0.00578553976323
662.810044271	0.0056850115088
663.000845533	0.00571800933278
663.191631079	0.00560059847073
663.382400905	0.00568884846508
663.573155009	0.00555762456044
663.763893388	0.00536577674664
663.95461604	0.00533661587894
664.14532296	0.0052790615348
664.336014146	0.00529747892493
664.526689596	0.00538496152802
664.717349306	0.00534198761773
664.907993273	0.0053013158812
665.098621495	0.00531436153254
665.289233969	0.00535580066032
665.479830692	0.00546937456609
665.67041166	0.00534954347009
665.860976872	0.00534186955754
666.051526323	0.00515999783005
666.242060012	0.00502340218663
666.432577935	0.00514311522244
666.62308009	0.0050272391429
666.813566473	0.00483078698157
667.004037081	0.00473025872714
667.194491913	0.00481467176521
667.384930964	0.00469342394689
667.575354232	0.00462896308146
667.765761714	0.00441332613875
667.956153407	0.00433275005695
668.146529308	0.00427442832155
668.336889415	0.00416776093708
668.527233724	0.00407951094273
668.717562233	0.0040457457275
668.907874938	0.00392833486546
669.098171837	0.00362675010217
669.288452927	0.00353005880401
669.478718205	0.00338655663929
669.668967668	0.00355319860186
669.859201313	0.00346264643375
670.049419137	0.00334600296296
670.239621138	0.00326926383744
670.429807312	0.00324547470853
670.619977656	0.0031464812366
670.810132169	0.00316489862673
671.000270846	0.00322782470966
671.190393684	0.00304441819966
671.380500682	0.00290398559996
671.570591836	0.00276662256528
671.760667143	0.00277813343411
671.9507266	0.00267223344089
672.140770205	0.00272134648122
672.330797954	0.0028057595193
672.520809845	0.00271904430746
672.710805874	0.00270676604738
672.900786039	0.00262158561805
673.090750337	0.00263386387813
673.280698765	0.002495615392
673.47063132	0.00259307408141
673.660548	0.00264602407802
673.8504488	0.00257235451752
674.040333719	0.00265216320806
674.230202753	0.00269283494459
674.4200559	0.0027097175522
674.609893157	0.00294377188504
674.799714521	0.00299979144667
674.989519988	0.00287700884584
675.179309556	0.00294377188504
675.369083223	0.00285770600426
675.558840985	0.0028707516556
675.748582839	0.00295900164995
675.938308782	0.00300427773401
676.128018812	0.00285989011784
676.317712925	0.00287370316043
676.50739112	0.00293816402587
676.697053392	0.00293279228708
676.886699739	0.00289737422915
677.076330158	0.0029564633558
677.265944646	0.00315149879481
677.4555432	0.00301720532515
677.645125818	0.00285912272658
677.834692496	0.00296272054603
678.024243231	0.0031054553195
678.213778022	0.0030540401054
678.403296864	0.00287754011671
678.592799754	0.00270257491052
678.782286691	0.00274171186454
678.971757671	0.002884446638
679.161212691	0.0028176835988
679.350651748	0.0030986668584
679.54007484	0.00306708575674
679.729481963	0.00281296119108
679.918873114	0.00279991553974
680.108248291	0.0028760053342
680.297607491	0.00287370316043
680.486950711	0.00271101621433
680.676277948	0.00252518947038
680.865589199	0.00259974448232
681.054884461	0.00241775469465
681.244163731	0.00238015252314
681.433427007	0.00237861774063
681.622674285	0.00241928947716
681.811905562	0.00224969600976
682.001120837	0.00200784970418
682.190320105	0.00188878599943
682.379503364	0.00186576426177
682.568670611	0.00169528534293
682.757821843	0.0015056216427
682.946957057	0.00122233620934
683.136076251	0.00132670142005
683.325179421	0.00103190511786
683.514266564	0.00109955360851
683.703337678	0.00109955360851
683.89239276	0.00119701229792
684.081431806	0.00133667750636
684.270454815	0.00142646228322
684.459461782	0.00140332248537
684.648452705	0.00143094857056
684.837427582	0.00138950944278
685.026386409	0.00159145140309
685.215329184	0.00143401813558
685.404255902	0.00153377899876
685.593166563	0.00149233987098
685.782061162	0.00143785509186
685.970939697	0.00143785509186
686.159802165	0.00153696662397
686.348648563	0.00164670357346
686.537478889	0.00164670357346
686.726293138	0.00164670357346
686.915091309	0.00164823835597
687.103873398	0.00158991662058
687.292639402	0.00166140206751
687.48138932	0.00159387163705
687.670123147	0.00163300859106
687.858840881	0.00152710859785
688.047542518	0.00150101729517
688.236228057	0.0014250455609
688.424897494	0.00142427816965
688.613550826	0.00154641143942
688.802188051	0.00151329555525
688.990809165	0.00148106512253
689.179414166	0.00148106512253
689.36800305	0.0016084520709
689.556575815	0.0017043759778
689.745132458	0.00187780640147
689.933672976	0.00201375271383
690.122197366	0.00200147445375
690.310705625	0.00184864553377
690.49919775	0.00184864553377
690.687673739	0.00217183531241
690.876133588	0.0022747838008
691.064577295	0.00216274467754
691.253004856	0.00211132946344
691.441416269	0.00211121140325
691.629811531	0.00216274467754
691.818190639	0.00226941206201
692.006553591	0.0021274446798
692.194900382	0.00213204902733
692.383231011	0.00213204902733
692.571545474	0.00198228967237
692.759843768	0.00215353598247
692.948125891	0.00229780553845
693.13639184	0.00246214532726
693.324641612	0.00233015403136
693.512875203	0.00216965119883
693.701092612	0.00208677294327
693.889293834	0.00206451859687
694.077478868	0.0019870120801
694.26564771	0.0019870120801
694.453800358	0.00199250187908
694.641936808	0.00169859102833
694.830057057	0.00159410775743
695.018161104	0.00165242949283
695.206248944	0.00163235926
695.394320575	0.00168619470806
695.582375994	0.00164322079777
695.770415199	0.00149115926904
695.958438185	0.00152185491925
696.146444951	0.00131684339392
696.334435493	0.00134688971307
696.522409809	0.00134765710432
696.710367895	0.0013154266716
696.89830975	0.00101614408208
697.086235369	0.001
697.27414475	0.001
697.46203789	0.001
697.649914786	0.001
697.837775435	0.001
698.025619835	0.001
698.213447982	0.001
698.401259874	0.001
698.589055507	0.001
698.776834879	0.001
698.964597988	0.00104760712354
699.152344829	0.0011098838754
699.3400754	0.00114902082942
699.527789698	0.00121655125988
699.71548772	0.00134559105094
699.903169464	0.00135556713726
700.090834927	0.00149765257967
700.278484105	0.00146760626052
700.466116995	0.00165726996075
700.653733596	0.00166954822083
700.841333903	0.0017163590874
701.028917914	0.00166878082957
701.216485626	0.0017763336655
701.404037037	0.00175331192784
701.591572143	0.00171494236508
701.779090941	0.0016802916984
701.966593429	0.00180767864677
702.154079603	0.00166724604706
702.341549461	0.00166724604706
702.529003	0.00166724604706
702.716440217	0.00166110691702
702.903861108	0.0015090453883
703.091265672	0.00144676863644
703.278653905	0.00145520994024
703.466025805	0.00142758385506
703.653381367	0.00132091647058
703.840720591	0.00142911863757
704.028043471	0.00128703319516
704.215350007	0.0014490708102
704.402640195	0.00125863971872
704.589914031	0.00110734558125
704.777171513	0.00105044056817
704.964412639	0.00111873838989
705.151637405	0.001
705.338845808	0.001
705.526037845	0.001
705.713213514	0.001
705.900372812	0.001
706.087515735	0.001
706.274642282	0.001
706.461752448	0.001
706.648846231	0.001
706.835923629	0.001
707.022984637	0.001
707.210029254	0.001
707.397057477	0.001
707.584069302	0.001
707.771064726	0.001
707.958043748	0.001
708.145006363	0.001
708.33195257	0.001
708.518882364	0.001
708.705795743	0.001
708.892692705	0.001
709.079573246	0.001
709.266437364	0.001
709.453285055	0.001
709.640116317	0.001
709.826931147	0.001
710.013729541	0.001
710.200511498	0.001
710.387277014	0.001
710.574026085	0.001
710.760758711	0.001
710.947474886	0.001
711.134174609	0.001
711.320857877	0.001
711.507524686	0.001
711.694175034	0.001
711.880808918	0.001
712.067426335	0.001
712.254027282	0.001
712.440611757	0.001
712.627179755	0.001
712.813731276	0.001
713.000266314	0.001
713.186784868	0.001
713.373286935	0.001
713.559772512	0.001
713.746241596	0.001
713.932694184	0.001
714.119130272	0.001
714.30554986	0.001
714.491952942	0.001
714.678339517	0.001
714.864709581	0.001
715.051063132	0.001
715.237400167	0.001
715.423720683	0.001
715.610024676	0.001
715.796312145	0.001
715.982583086	0.001
716.168837496	0.001
716.355075372	0.001
716.541296712	0.001
716.727501512	0.001
716.91368977	0.001
717.099861483	0.001
717.286016648	0.001
717.472155262	0.001
717.658277321	0.001
717.844382824	0.001
718.030471768	0.001
718.216544148	0.00101514057043
718.402599963	0.00101514057043
718.58863921	0.00109264708721
718.774661885	0.00103190511786
718.960667986	0.00119701229792
719.14665751	0.00121171079196
719.332630454	0.001217849922
719.518586815	0.00124931296346
719.70452659	0.00127156730986
719.890449777	0.00133295861028
720.076356372	0.00130840209011
720.262246372	0.00138679405834
720.448119775	0.00136914405947
720.633976578	0.00140674623097
720.819816778	0.00141902449106
721.005640371	0.00143590709867
721.191447356	0.00131619406286
721.377237728	0.00142362883859
721.563011486	0.00154794622193
721.748768626	0.00154794622193
721.934509146	0.00157569036731
722.120233042	0.0014474179675
722.305940311	0.00159487514869
722.491630952	0.00141442014352
722.67730496	0.00141442014352
722.862962333	0.00138218971081
723.048603068	0.00157864187214
723.234227163	0.00164233534632
723.419834613	0.00156778033437
723.605425417	0.00147250575853
723.790999571	0.00156305792665
723.976557073	0.00169516728273
724.16209792	0.00197526509088
724.347622108	0.00212579183709
724.533129635	0.0020160548876
724.718620498	0.00202910053894
724.904094694	0.00194226726691
725.08955222	0.00197219552586
725.274993074	0.00179799771093
725.460417252	0.00167214554508
725.645824751	0.00173442229694
725.831215569	0.0017213766456
726.016589703	0.00181895339521
726.201947149	0.00167314905672
726.387287905	0.00167314905672
726.572611968	0.00167403450817
726.757919335	0.00154115776083
726.943210004	0.00156264471597
727.12848397	0.00155727297718
727.313741233	0.00161724755528
727.498981787	0.00164729387443
727.684205631	0.00164729387443
727.869412762	0.00151530257853
728.054603177	0.00125592433428
728.239776872	0.00131347867842
728.424933846	0.00138331128264
728.610074094	0.00136028954498
728.795197615	0.00138496412534
728.980304405	0.00131194389591
729.165394461	0.00143779606176
729.350467781	0.00142539974148
729.535524362	0.00143844539282
729.7205642	0.00159729538265
729.905587293	0.00149971863304
730.090593638	0.00151429906689
730.275583232	0.0017162410272
730.460556072	0.00178070189264
730.645512156	0.00191127646622
730.830451479	0.0016786388557
731.01537404	0.00179528232649
731.200279836	0.00173696059109
731.385168863	0.00176688885005
731.570041119	0.00158029471484
731.754896601	0.00158861795845
731.939735306	0.00166919404025
732.12455723	0.00146034555864
732.309362372	0.00133974707138
732.494150728	0.00138207165061
732.678922296	0.00146034555864
732.863677072	0.00146034555864
733.048415053	0.00132286446377
733.233136237	0.00134600426162
733.417840621	0.0013360281753
733.602528202	0.00118485209803
733.787198976	0.00118485209803
733.971852942	0.00116861882147
734.156490096	0.001
734.341110435	0.001
734.525713956	0.001
734.710300657	0.001
734.894870535	0.001
735.079423586	0.001
735.263959808	0.001
735.448479197	0.001
735.632981752	0.001
735.817467469	0.001
736.001936345	0.001
736.186388377	0.001
736.370823563	0.001
736.555241899	0.001
736.739643383	0.001
736.924028011	0.001
737.108395781	0.001
737.29274669	0.001
737.477080735	0.001
737.661397914	0.001
737.845698222	0.001
738.029981658	0.001
738.214248218	0.001
738.398497899	0.001
738.582730699	0.001
738.766946615	0.001
738.951145644	0.001
739.135327783	0.001
739.319493028	0.001
739.503641378	0.001
739.687772829	0.001
739.871887378	0.001
740.055985023	0.001
740.24006576	0.001
740.424129587	0.001
740.608176501	0.001
740.792206498	0.001
740.976219576	0.00112470042964
741.160215733	0.00108391063292
741.344194964	0.00108379257273
741.528157268	0.00108379257273
741.712102641	0.00110911648415
741.896031081	0.001123696918
742.079942584	0.00117216062727
742.263837148	0.00120439105999
742.447714769	0.00104081866244
742.631575445	0.00101165779474
742.815419174	0.00112446430925
742.999245951	0.00123727082377
743.183055774	0.00121643319968
743.366848641	0.00127245276131
743.550624548	0.0012778245001
743.734383493	0.0012778245001
743.918125472	0.0011802477505
744.101850483	0.0010396970906
744.285558522	0.00111950578114
744.469249588	0.00111248119965
744.652923676	0.00110864424338
744.836580785	0.00106260076806
745.020220911	0.00106260076806
745.203844051	0.00106260076806
745.387450202	0.00108497317466
745.571039362	0.0010311377266
745.754611527	0.00112782902476
745.938166695	0.00114317684986
746.121704863	0.00116926815254
746.305226028	0.00116926815254
746.488730187	0.00110634206961
746.672217337	0.001
746.855687475	0.001
747.039140598	0.001
747.222576704	0.001
747.405995789	0.001
747.589397851	0.001
747.772782887	0.001
747.956150893	0.001
748.139501868	0.001
748.322835807	0.001
748.506152708	0.001
748.689452569	0.001
748.872735386	0.001
749.056001157	0.001
749.239249878	0.001
749.422481546	0.001
749.605696159	0.001
749.788893715	0.001
749.972074209	0.001
750.155237639	0.001
750.338384002	0.001
750.521513296	0.001
750.704625517	0.001
750.887720662	0.001
751.070798729	0.001
751.253859714	0.001
751.436903615	0.00120509942114
751.61993043	0.00112977701794
751.802940154	0.00111826614911
751.985932785	0.00112298855684
752.16890832	0.00112298855684
752.351866757	0.00126046965171
752.534808091	0.00129818988341
752.717732322	0.00127286597199
752.900639445	0.0013258159686
753.083529457	0.00120521748134
753.266402357	0.00104253053524
753.44925814	0.00124293771304
753.632096804	0.00124293771304
753.814918347	0.00132132968126
753.997722764	0.00140190576306
754.180510054	0.00126595945069
754.363280213	0.00134204924515
754.546033239	0.00134204924515
754.728769128	0.00142351077839
754.911487878	0.00134063252283
755.094189486	0.0012315449044
755.276873948	0.001
755.459541263	0.001
755.642191426	0.001
755.824824436	0.00104802033422
756.00744029	0.00104802033422
756.190038983	0.001
756.372620514	0.001
756.55518488	0.001
756.737732078	0.001
756.920262104	0.001
757.102774956	0.001
757.285270631	0.001
757.467749127	0.001
757.650210439	0.001
757.832654566	0.001
758.015081504	0.001
758.197491251	0.001
758.379883803	0.001
758.562259159	0.001
758.744617314	0.001
758.926958266	0.001
759.109282012	0.001
759.291588549	0.001
759.473877874	0.001
759.656149985	0.001
759.838404878	0.001
760.020642551	0.001
760.202863	0.001
760.385066223	0.001
760.567252217	0.001
760.749420979	0.001
760.931572506	0.001
761.113706795	0.001
761.295823844	0.001
761.477923649	0.001
761.660006207	0.001
761.842071516	0.001
762.024119572	0.001
762.206150373	0.001
762.388163917	0.001
762.570160199	0.001
762.752139217	0.001
762.934100968	0.001
763.11604545	0.001
763.297972659	0.001
763.479882593	0.001
763.661775248	0.00102358187424
763.843650622	0.001
764.025508711	0.00100658120643
764.207349514	0.0011287144762
764.389173026	0.00106041665449
764.570979246	0.00107806665336
764.75276817	0.00107806665336
764.934539795	0.00104495076919
765.116294119	0.00104495076919
765.298031138	0.00119701229792
765.479750849	0.00119789774937
765.661453251	0.00105044056817
765.843138339	0.001
766.024806111	0.001
766.206456564	0.001
766.388089695	0.001
766.569705502	0.001
766.751303981	0.001
766.932885129	0.001
767.114448944	0.001
767.295995422	0.001
767.477524561	0.001
767.659036358	0.001
767.84053081	0.001
768.022007914	0.001
768.203467667	0.001
768.384910067	0.001
768.566335109	0.001
768.747742792	0.001
768.929133113	0.001
769.110506068	0.001
769.291861656	0.001
769.473199872	0.001
769.654520713	0.00107883404462
769.835824178	0.00110888036376
770.017110264	0.00110888036376
770.198378966	0.00118727233199
770.379630283	0.00108048688732
770.560864211	0.00106271882826
770.742080748	0.0010672051156
770.92327989	0.00100581381518
771.104461636	0.001
771.285625981	0.001
771.466772923	0.00109713337455
771.647902459	0.001053392073
771.829014587	0.00129447098733
772.010109302	0.0013720955643
772.191186603	0.00139907231842
772.372246487	0.00121631513949
772.55328895	0.00117399056026
772.73431399	0.00138821078065
772.915321604	0.00140509338827
773.096311788	0.00159705926226
773.277284541	0.00151943468529
773.458239858	0.00136507098281
773.639177738	0.0013635362003
773.820098177	0.0013635362003
774.001001173	0.00128284205831
774.181886722	0.00128284205831
774.362754822	0.00146483184598
774.543605469	0.00157391946441
774.724438661	0.00149476010493
774.905254396	0.00175962814817
775.086052669	0.00167279487614
775.266833478	0.00152150073867
775.447596821	0.001495409436
775.628342694	0.00131353770851
775.809071094	0.00125663269544
775.989782019	0.00138555442631
776.170475465	0.00138555442631
776.35115143	0.00138555442631
776.531809911	0.00117133420592
776.712450905	0.00109524441146
776.893074409	0.001
777.073680421	0.001
777.254268936	0.00106466682144
777.434839953	0.00103615528481
777.615393468	0.00109229290663
777.795929479	0.00109229290663
777.976447982	0.00110840812299
778.156948975	0.001
778.337432455	0.001
778.517898419	0.001
778.698346865	0.001
778.878777788	0.001
779.059191186	0.001
779.239587057	0.001
779.419965398	0.001
779.600326204	0.001
779.780669475	0.001
779.960995206	0.001
780.141303396	0.001
780.32159404	0.001
780.501867136	0.001
780.682122682	0.001
780.862360674	0.001
781.042581109	0.001
781.222783984	0.001
781.402969298	0.001
781.583137046	0.001
781.763287226	0.001
781.943419834	0.001
782.123534869	0.001
782.303632327	0.001
782.483712205	0.001
782.6637745	0.001
782.84381921	0.001
783.023846331	0.001
783.203855861	0.001
783.383847796	0.001
783.563822135	0.001
783.743778873	0.001
783.923718008	0.001
784.103639538	0.00105315595262
784.283543459	0.00118142835243
784.463429768	0.00126595945069
784.643298462	0.00126595945069
784.823149539	0.00113691965963
785.002982996	0.00123756597425
785.182798829	0.00115929206622
785.362597036	0.00115929206622
785.542377614	0.00114010728484
785.722140561	0.00124842751202
785.901885872	0.00133372600154
786.081613546	0.00133372600154
786.261323579	0.00135444556543
786.441015968	0.00135367817417
786.620690711	0.001365189043
786.800347804	0.00135904991296
786.979987246	0.00131914556769
787.159609032	0.00133230927922
787.33921316	0.00120096731439
787.518799628	0.00109955360851
787.698368431	0.001
787.877919568	0.00100734859769
788.057453035	0.001
788.236968829	0.001
788.416466948	0.001
788.595947389	0.001
788.775410149	0.001
788.954855224	0.001
789.134282613	0.001
789.313692311	0.00110710946087
789.493084317	0.00111401598216
789.672458627	0.00114471163237
789.851815238	0.00114471163237
790.031154148	0.00126914707591
790.210475354	0.00126914707591
790.389778852	0.00121454423659
790.56906464	0.00121224206283
790.748332715	0.00109483120078
790.927583074	0.00107936531549
791.106815714	0.00107936531549
791.286030632	0.00107936531549
791.465227826	0.0010739935767
791.644407292	0.001
791.823569027	0.00105492685551
792.002713029	0.00106578839328
792.181839295	0.00101897752671
792.360947822	0.00101360578792
792.540038606	0.001
792.719111646	0.001
792.898166938	0.001
793.077204479	0.001
793.256224266	0.001
793.435226297	0.001
793.614210568	0.001
793.793177077	0.001
793.97212582	0.001
794.151056796	0.001
794.32997	0.001
794.508865431	0.001
794.687743084	0.001
794.866602958	0.001
795.04544505	0.001
795.224269355	0.001
795.403075872	0.001
795.581864598	0.001
795.76063553	0.001
795.939388665	0.001
796.118123999	0.001
796.296841531	0.001
796.475541256	0.001
796.654223173	0.001
796.832887279	0.001
797.01153357	0.001
797.190162043	0.001
797.368772696	0.001
797.547365526	0.001
797.72594053	0.001
797.904497705	0.001
798.083037047	0.001
798.261558555	0.001
798.440062226	0.001
798.618548056	0.001
798.797016042	0.001
798.975466182	0.001
799.153898472	0.001
799.332312911	0.001
799.510709494	0.001
799.689088219	0.001
799.867449083	0.001
